{
  "generated": "2026-07-14T08:43:48.119436",
  "chain_correlation": NaN,
  "group_matrix_20d": {
    "groups": [
      "AI算力",
      "IC设计",
      "低空经济/航空",
      "光通信与光学",
      "其他",
      "化工/材料",
      "半导体材料",
      "半导体设备",
      "半导体零部件",
      "地产/基建",
      "封测与基板",
      "工业设备/通用机械",
      "待分类",
      "新能源/电力设备",
      "机器人/自动化",
      "汽车零部件",
      "消费/医药/传媒",
      "消费电子/元器件",
      "生物医药",
      "电力运营",
      "软件与IT服务",
      "通信/6G",
      "金融/综合"
    ],
    "dates": [
      "20260612",
      "20260615",
      "20260616",
      "20260617",
      "20260618",
      "20260622",
      "20260623",
      "20260624",
      "20260625",
      "20260626",
      "20260629",
      "20260630",
      "20260701",
      "20260702",
      "20260703",
      "20260706",
      "20260707",
      "20260708",
      "20260709",
      "20260710"
    ],
    "window_days": 20,
    "matrix": [
      [
        1.0,
        0.878,
        0.125,
        0.813,
        0.482,
        0.677,
        0.602,
        0.873,
        0.668,
        0.037,
        0.881,
        0.628,
        0.436,
        0.641,
        0.489,
        0.377,
        0.281,
        0.794,
        -0.067,
        0.131,
        0.66,
        0.732,
        0.394
      ],
      [
        0.878,
        1.0,
        0.143,
        0.905,
        0.45,
        0.704,
        0.651,
        0.889,
        0.728,
        0.005,
        0.804,
        0.816,
        0.495,
        0.672,
        0.57,
        0.447,
        0.322,
        0.883,
        -0.164,
        0.178,
        0.726,
        0.766,
        0.555
      ],
      [
        0.125,
        0.143,
        1.0,
        0.242,
        0.528,
        0.435,
        -0.16,
        0.065,
        0.08,
        0.573,
        -0.15,
        0.476,
        0.607,
        0.458,
        0.783,
        0.802,
        0.327,
        0.395,
        0.07,
        0.252,
        0.445,
        0.485,
        0.169
      ],
      [
        0.813,
        0.905,
        0.242,
        1.0,
        0.62,
        0.739,
        0.569,
        0.795,
        0.652,
        0.232,
        0.688,
        0.872,
        0.593,
        0.787,
        0.612,
        0.517,
        0.477,
        0.944,
        -0.231,
        0.251,
        0.785,
        0.877,
        0.495
      ],
      [
        0.482,
        0.45,
        0.528,
        0.62,
        1.0,
        0.636,
        -0.007,
        0.243,
        0.094,
        0.572,
        0.269,
        0.679,
        0.547,
        0.697,
        0.64,
        0.721,
        0.471,
        0.661,
        -0.054,
        0.209,
        0.581,
        0.633,
        0.064
      ],
      [
        0.677,
        0.704,
        0.435,
        0.739,
        0.636,
        1.0,
        0.485,
        0.582,
        0.567,
        0.444,
        0.51,
        0.826,
        0.642,
        0.895,
        0.669,
        0.609,
        0.493,
        0.855,
        -0.111,
        0.401,
        0.703,
        0.769,
        0.349
      ],
      [
        0.602,
        0.651,
        -0.16,
        0.569,
        -0.007,
        0.485,
        1.0,
        0.819,
        0.886,
        -0.203,
        0.749,
        0.44,
        0.133,
        0.38,
        0.158,
        -0.08,
        0.061,
        0.538,
        -0.151,
        0.325,
        0.333,
        0.427,
        0.517
      ],
      [
        0.873,
        0.889,
        0.065,
        0.795,
        0.243,
        0.582,
        0.819,
        1.0,
        0.897,
        -0.089,
        0.852,
        0.614,
        0.315,
        0.498,
        0.408,
        0.223,
        0.123,
        0.757,
        -0.203,
        0.205,
        0.574,
        0.652,
        0.588
      ],
      [
        0.668,
        0.728,
        0.08,
        0.652,
        0.094,
        0.567,
        0.886,
        0.897,
        1.0,
        -0.033,
        0.685,
        0.518,
        0.26,
        0.435,
        0.355,
        0.077,
        0.004,
        0.629,
        -0.275,
        0.241,
        0.448,
        0.491,
        0.658
      ],
      [
        0.037,
        0.005,
        0.573,
        0.232,
        0.572,
        0.444,
        -0.203,
        -0.089,
        -0.033,
        1.0,
        -0.246,
        0.247,
        0.396,
        0.417,
        0.415,
        0.455,
        0.37,
        0.293,
        -0.023,
        0.235,
        0.453,
        0.347,
        -0.035
      ],
      [
        0.881,
        0.804,
        -0.15,
        0.688,
        0.269,
        0.51,
        0.749,
        0.852,
        0.685,
        -0.246,
        1.0,
        0.523,
        0.173,
        0.459,
        0.202,
        0.123,
        0.122,
        0.653,
        -0.098,
        0.107,
        0.378,
        0.535,
        0.546
      ],
      [
        0.628,
        0.816,
        0.476,
        0.872,
        0.679,
        0.826,
        0.44,
        0.614,
        0.518,
        0.247,
        0.523,
        1.0,
        0.696,
        0.862,
        0.742,
        0.726,
        0.556,
        0.931,
        -0.159,
        0.378,
        0.745,
        0.847,
        0.498
      ],
      [
        0.436,
        0.495,
        0.607,
        0.593,
        0.547,
        0.642,
        0.133,
        0.315,
        0.26,
        0.396,
        0.173,
        0.696,
        1.0,
        0.801,
        0.816,
        0.712,
        0.741,
        0.674,
        0.367,
        0.561,
        0.836,
        0.698,
        0.134
      ],
      [
        0.641,
        0.672,
        0.458,
        0.787,
        0.697,
        0.895,
        0.38,
        0.498,
        0.435,
        0.417,
        0.459,
        0.862,
        0.801,
        1.0,
        0.702,
        0.65,
        0.702,
        0.857,
        0.067,
        0.502,
        0.777,
        0.885,
        0.308
      ],
      [
        0.489,
        0.57,
        0.783,
        0.612,
        0.64,
        0.669,
        0.158,
        0.408,
        0.355,
        0.415,
        0.202,
        0.742,
        0.816,
        0.702,
        1.0,
        0.86,
        0.592,
        0.681,
        0.151,
        0.236,
        0.758,
        0.694,
        0.262
      ],
      [
        0.377,
        0.447,
        0.802,
        0.517,
        0.721,
        0.609,
        -0.08,
        0.223,
        0.077,
        0.455,
        0.123,
        0.726,
        0.712,
        0.65,
        0.86,
        1.0,
        0.577,
        0.63,
        0.021,
        0.3,
        0.646,
        0.654,
        0.231
      ],
      [
        0.281,
        0.322,
        0.327,
        0.477,
        0.471,
        0.493,
        0.061,
        0.123,
        0.004,
        0.37,
        0.122,
        0.556,
        0.741,
        0.702,
        0.592,
        0.577,
        1.0,
        0.492,
        0.492,
        0.519,
        0.678,
        0.576,
        0.036
      ],
      [
        0.794,
        0.883,
        0.395,
        0.944,
        0.661,
        0.855,
        0.538,
        0.757,
        0.629,
        0.293,
        0.653,
        0.931,
        0.674,
        0.857,
        0.681,
        0.63,
        0.492,
        1.0,
        -0.182,
        0.364,
        0.778,
        0.91,
        0.505
      ],
      [
        -0.067,
        -0.164,
        0.07,
        -0.231,
        -0.054,
        -0.111,
        -0.151,
        -0.203,
        -0.275,
        -0.023,
        -0.098,
        -0.159,
        0.367,
        0.067,
        0.151,
        0.021,
        0.492,
        -0.182,
        1.0,
        0.344,
        0.152,
        -0.078,
        -0.345
      ],
      [
        0.131,
        0.178,
        0.252,
        0.251,
        0.209,
        0.401,
        0.325,
        0.205,
        0.241,
        0.235,
        0.107,
        0.378,
        0.561,
        0.502,
        0.236,
        0.3,
        0.519,
        0.364,
        0.344,
        1.0,
        0.477,
        0.354,
        0.081
      ],
      [
        0.66,
        0.726,
        0.445,
        0.785,
        0.581,
        0.703,
        0.333,
        0.574,
        0.448,
        0.453,
        0.378,
        0.745,
        0.836,
        0.777,
        0.758,
        0.646,
        0.678,
        0.778,
        0.152,
        0.477,
        1.0,
        0.772,
        0.171
      ],
      [
        0.732,
        0.766,
        0.485,
        0.877,
        0.633,
        0.769,
        0.427,
        0.652,
        0.491,
        0.347,
        0.535,
        0.847,
        0.698,
        0.885,
        0.694,
        0.654,
        0.576,
        0.91,
        -0.078,
        0.354,
        0.772,
        1.0,
        0.391
      ],
      [
        0.394,
        0.555,
        0.169,
        0.495,
        0.064,
        0.349,
        0.517,
        0.588,
        0.658,
        -0.035,
        0.546,
        0.498,
        0.134,
        0.308,
        0.262,
        0.231,
        0.036,
        0.505,
        -0.345,
        0.081,
        0.171,
        0.391,
        1.0
      ]
    ],
    "top_pairs": [
      {
        "pair": "光通信与光学 ↔ 消费电子/元器件",
        "correlation": 0.944
      },
      {
        "pair": "工业设备/通用机械 ↔ 消费电子/元器件",
        "correlation": 0.931
      },
      {
        "pair": "消费电子/元器件 ↔ 通信/6G",
        "correlation": 0.91
      },
      {
        "pair": "IC设计 ↔ 光通信与光学",
        "correlation": 0.905
      },
      {
        "pair": "半导体设备 ↔ 半导体零部件",
        "correlation": 0.897
      },
      {
        "pair": "化工/材料 ↔ 新能源/电力设备",
        "correlation": 0.895
      },
      {
        "pair": "IC设计 ↔ 半导体设备",
        "correlation": 0.889
      },
      {
        "pair": "半导体材料 ↔ 半导体零部件",
        "correlation": 0.886
      },
      {
        "pair": "新能源/电力设备 ↔ 通信/6G",
        "correlation": 0.885
      },
      {
        "pair": "IC设计 ↔ 消费电子/元器件",
        "correlation": 0.883
      }
    ]
  },
  "group_matrix_60d": {
    "groups": [
      "AI算力",
      "IC设计",
      "低空经济/航空",
      "光通信与光学",
      "其他",
      "化工/材料",
      "半导体材料",
      "半导体设备",
      "半导体零部件",
      "地产/基建",
      "封测与基板",
      "工业设备/通用机械",
      "待分类",
      "新能源/电力设备",
      "机器人/自动化",
      "汽车零部件",
      "消费/医药/传媒",
      "消费电子/元器件",
      "生物医药",
      "电力运营",
      "软件与IT服务",
      "通信/6G",
      "金融/综合"
    ],
    "dates": [
      "20260612",
      "20260615",
      "20260616",
      "20260617",
      "20260618",
      "20260622",
      "20260623",
      "20260624",
      "20260625",
      "20260626",
      "20260629",
      "20260630",
      "20260701",
      "20260702",
      "20260703",
      "20260706",
      "20260707",
      "20260708",
      "20260709",
      "20260710"
    ],
    "window_days": 60,
    "matrix": [
      [
        1.0,
        0.831,
        0.409,
        0.788,
        0.415,
        0.705,
        0.601,
        0.806,
        0.645,
        0.079,
        0.771,
        0.653,
        0.573,
        0.701,
        0.47,
        0.576,
        0.475,
        0.741,
        0.046,
        0.235,
        0.694,
        0.708,
        0.532
      ],
      [
        0.831,
        1.0,
        0.472,
        0.869,
        0.387,
        0.758,
        0.737,
        0.899,
        0.778,
        0.041,
        0.822,
        0.83,
        0.61,
        0.747,
        0.533,
        0.668,
        0.415,
        0.855,
        -0.015,
        0.283,
        0.68,
        0.754,
        0.629
      ],
      [
        0.409,
        0.472,
        1.0,
        0.456,
        0.506,
        0.602,
        0.235,
        0.352,
        0.393,
        0.304,
        0.267,
        0.603,
        0.716,
        0.583,
        0.668,
        0.817,
        0.453,
        0.529,
        0.118,
        0.155,
        0.548,
        0.551,
        0.428
      ],
      [
        0.788,
        0.869,
        0.456,
        1.0,
        0.464,
        0.772,
        0.64,
        0.799,
        0.726,
        0.113,
        0.7,
        0.848,
        0.611,
        0.766,
        0.555,
        0.642,
        0.441,
        0.893,
        -0.15,
        0.301,
        0.683,
        0.836,
        0.52
      ],
      [
        0.415,
        0.387,
        0.506,
        0.464,
        1.0,
        0.507,
        0.117,
        0.268,
        0.161,
        0.293,
        0.247,
        0.586,
        0.577,
        0.591,
        0.565,
        0.57,
        0.362,
        0.604,
        -0.061,
        0.256,
        0.549,
        0.605,
        0.183
      ],
      [
        0.705,
        0.758,
        0.602,
        0.772,
        0.507,
        1.0,
        0.64,
        0.672,
        0.722,
        0.308,
        0.6,
        0.834,
        0.714,
        0.862,
        0.578,
        0.721,
        0.543,
        0.842,
        -0.019,
        0.279,
        0.714,
        0.736,
        0.498
      ],
      [
        0.601,
        0.737,
        0.235,
        0.64,
        0.117,
        0.64,
        1.0,
        0.827,
        0.887,
        0.044,
        0.71,
        0.583,
        0.338,
        0.499,
        0.28,
        0.325,
        0.249,
        0.622,
        -0.067,
        0.253,
        0.404,
        0.539,
        0.558
      ],
      [
        0.806,
        0.899,
        0.352,
        0.799,
        0.268,
        0.672,
        0.827,
        1.0,
        0.896,
        0.034,
        0.846,
        0.707,
        0.478,
        0.598,
        0.451,
        0.493,
        0.281,
        0.762,
        -0.072,
        0.251,
        0.604,
        0.67,
        0.594
      ],
      [
        0.645,
        0.778,
        0.393,
        0.726,
        0.161,
        0.722,
        0.887,
        0.896,
        1.0,
        0.144,
        0.706,
        0.67,
        0.439,
        0.548,
        0.414,
        0.45,
        0.243,
        0.681,
        -0.141,
        0.174,
        0.537,
        0.582,
        0.589
      ],
      [
        0.079,
        0.041,
        0.304,
        0.113,
        0.293,
        0.308,
        0.044,
        0.034,
        0.144,
        1.0,
        -0.073,
        0.241,
        0.32,
        0.22,
        0.344,
        0.402,
        0.331,
        0.118,
        0.046,
        -0.086,
        0.41,
        0.175,
        0.11
      ],
      [
        0.771,
        0.822,
        0.267,
        0.7,
        0.247,
        0.6,
        0.71,
        0.846,
        0.706,
        -0.073,
        1.0,
        0.645,
        0.428,
        0.527,
        0.353,
        0.461,
        0.209,
        0.703,
        -0.034,
        0.189,
        0.468,
        0.532,
        0.562
      ],
      [
        0.653,
        0.83,
        0.603,
        0.848,
        0.586,
        0.834,
        0.583,
        0.707,
        0.67,
        0.241,
        0.645,
        1.0,
        0.746,
        0.815,
        0.699,
        0.814,
        0.516,
        0.901,
        -0.082,
        0.268,
        0.765,
        0.802,
        0.567
      ],
      [
        0.573,
        0.61,
        0.716,
        0.611,
        0.577,
        0.714,
        0.338,
        0.478,
        0.439,
        0.32,
        0.428,
        0.746,
        1.0,
        0.787,
        0.736,
        0.786,
        0.726,
        0.728,
        0.34,
        0.395,
        0.805,
        0.664,
        0.422
      ],
      [
        0.701,
        0.747,
        0.583,
        0.766,
        0.591,
        0.862,
        0.499,
        0.598,
        0.548,
        0.22,
        0.527,
        0.815,
        0.787,
        1.0,
        0.556,
        0.731,
        0.653,
        0.824,
        0.132,
        0.433,
        0.75,
        0.825,
        0.483
      ],
      [
        0.47,
        0.533,
        0.668,
        0.555,
        0.565,
        0.578,
        0.28,
        0.451,
        0.414,
        0.344,
        0.353,
        0.699,
        0.736,
        0.556,
        1.0,
        0.764,
        0.496,
        0.627,
        0.084,
        0.163,
        0.673,
        0.602,
        0.277
      ],
      [
        0.576,
        0.668,
        0.817,
        0.642,
        0.57,
        0.721,
        0.325,
        0.493,
        0.45,
        0.402,
        0.461,
        0.814,
        0.786,
        0.731,
        0.764,
        1.0,
        0.589,
        0.7,
        0.069,
        0.22,
        0.717,
        0.687,
        0.477
      ],
      [
        0.475,
        0.415,
        0.453,
        0.441,
        0.362,
        0.543,
        0.249,
        0.281,
        0.243,
        0.331,
        0.209,
        0.516,
        0.726,
        0.653,
        0.496,
        0.589,
        1.0,
        0.495,
        0.45,
        0.392,
        0.667,
        0.494,
        0.282
      ],
      [
        0.741,
        0.855,
        0.529,
        0.893,
        0.604,
        0.842,
        0.622,
        0.762,
        0.681,
        0.118,
        0.703,
        0.901,
        0.728,
        0.824,
        0.627,
        0.7,
        0.495,
        1.0,
        -0.12,
        0.401,
        0.715,
        0.843,
        0.546
      ],
      [
        0.046,
        -0.015,
        0.118,
        -0.15,
        -0.061,
        -0.019,
        -0.067,
        -0.072,
        -0.141,
        0.046,
        -0.034,
        -0.082,
        0.34,
        0.132,
        0.084,
        0.069,
        0.45,
        -0.12,
        1.0,
        0.17,
        0.152,
        -0.017,
        -0.066
      ],
      [
        0.235,
        0.283,
        0.155,
        0.301,
        0.256,
        0.279,
        0.253,
        0.251,
        0.174,
        -0.086,
        0.189,
        0.268,
        0.395,
        0.433,
        0.163,
        0.22,
        0.392,
        0.401,
        0.17,
        1.0,
        0.283,
        0.396,
        0.098
      ],
      [
        0.694,
        0.68,
        0.548,
        0.683,
        0.549,
        0.714,
        0.404,
        0.604,
        0.537,
        0.41,
        0.468,
        0.765,
        0.805,
        0.75,
        0.673,
        0.717,
        0.667,
        0.715,
        0.152,
        0.283,
        1.0,
        0.707,
        0.356
      ],
      [
        0.708,
        0.754,
        0.551,
        0.836,
        0.605,
        0.736,
        0.539,
        0.67,
        0.582,
        0.175,
        0.532,
        0.802,
        0.664,
        0.825,
        0.602,
        0.687,
        0.494,
        0.843,
        -0.017,
        0.396,
        0.707,
        1.0,
        0.511
      ],
      [
        0.532,
        0.629,
        0.428,
        0.52,
        0.183,
        0.498,
        0.558,
        0.594,
        0.589,
        0.11,
        0.562,
        0.567,
        0.422,
        0.483,
        0.277,
        0.477,
        0.282,
        0.546,
        -0.066,
        0.098,
        0.356,
        0.511,
        1.0
      ]
    ],
    "top_pairs": [
      {
        "pair": "工业设备/通用机械 ↔ 消费电子/元器件",
        "correlation": 0.901
      },
      {
        "pair": "IC设计 ↔ 半导体设备",
        "correlation": 0.899
      },
      {
        "pair": "半导体设备 ↔ 半导体零部件",
        "correlation": 0.896
      },
      {
        "pair": "光通信与光学 ↔ 消费电子/元器件",
        "correlation": 0.893
      },
      {
        "pair": "半导体材料 ↔ 半导体零部件",
        "correlation": 0.887
      },
      {
        "pair": "IC设计 ↔ 光通信与光学",
        "correlation": 0.869
      },
      {
        "pair": "化工/材料 ↔ 新能源/电力设备",
        "correlation": 0.862
      },
      {
        "pair": "IC设计 ↔ 消费电子/元器件",
        "correlation": 0.855
      },
      {
        "pair": "光通信与光学 ↔ 工业设备/通用机械",
        "correlation": 0.848
      },
      {
        "pair": "半导体设备 ↔ 封测与基板",
        "correlation": 0.846
      }
    ]
  },
  "stock_chain_corr": [
    {
      "code": "000009.SZ",
      "name": "中国宝安",
      "group": "待分类",
      "corr_chain1": -0.344,
      "corr_chain2": 0,
      "beta_chain1": 0,
      "beta_chain2": 0
    },
    {
      "code": "000026.SZ",
      "name": "飞亚达",
      "group": "消费/医药/传媒",
      "corr_chain1": -0.098,
      "corr_chain2": 0,
      "beta_chain1": 0,
      "beta_chain2": 0
    },
    {
      "code": "000062.SZ",
      "name": "深圳华强",
      "group": "消费电子/元器件",
      "corr_chain1": -0.129,
      "corr_chain2": 0,
      "beta_chain1": 0,
      "beta_chain2": 0
    },
    {
      "code": "000063.SZ",
      "name": "中兴通讯",
      "group": "待分类",
      "corr_chain1": 0.38,
      "corr_chain2": 0,
      "beta_chain1": 0,
      "beta_chain2": 0
    },
    {
      "code": "000066.SZ",
      "name": "中国长城",
      "group": "AI算力",
      "corr_chain1": 0.352,
      "corr_chain2": 0,
      "beta_chain1": 0,
      "beta_chain2": 0
    },
    {
      "code": "000099.SZ",
      "name": "中信海直",
      "group": "待分类",
      "corr_chain1": -0.383,
      "corr_chain2": 0,
      "beta_chain1": 0,
      "beta_chain2": 0
    },
    {
      "code": "000338.SZ",
      "name": "潍柴动力",
      "group": "汽车零部件",
      "corr_chain1": -0.081,
      "corr_chain2": 0,
      "beta_chain1": 0,
      "beta_chain2": 0
    },
    {
      "code": "000513.SZ",
      "name": "丽珠集团",
      "group": "生物医药",
      "corr_chain1": -0.215,
      "corr_chain2": 0,
      "beta_chain1": 0,
      "beta_chain2": 0
    },
    {
      "code": "000518.SZ",
      "name": "四环生物",
      "group": "待分类",
      "corr_chain1": -0.031,
      "corr_chain2": 0,
      "beta_chain1": 0,
      "beta_chain2": 0
    },
    {
      "code": "000537.SZ",
      "name": "绿发电力",
      "group": "待分类",
      "corr_chain1": -0.318,
      "corr_chain2": 0,
      "beta_chain1": 0,
      "beta_chain2": 0
    },
    {
      "code": "000539.SZ",
      "name": "粤电力A",
      "group": "电力运营",
      "corr_chain1": 0.439,
      "corr_chain2": 0,
      "beta_chain1": 0,
      "beta_chain2": 0
    },
    {
      "code": "000555.SZ",
      "name": "神州信息",
      "group": "待分类",
      "corr_chain1": -0.092,
      "corr_chain2": 0,
      "beta_chain1": 0,
      "beta_chain2": 0
    },
    {
      "code": "000566.SZ",
      "name": "海南海药",
      "group": "生物医药",
      "corr_chain1": -0.218,
      "corr_chain2": 0,
      "beta_chain1": 0,
      "beta_chain2": 0
    },
    {
      "code": "000597.SZ",
      "name": "东北制药",
      "group": "生物医药",
      "corr_chain1": -0.299,
      "corr_chain2": 0,
      "beta_chain1": 0,
      "beta_chain2": 0
    },
    {
      "code": "000601.SZ",
      "name": "韶能股份",
      "group": "电力运营",
      "corr_chain1": -0.234,
      "corr_chain2": 0,
      "beta_chain1": 0,
      "beta_chain2": 0
    },
    {
      "code": "000625.SZ",
      "name": "长安汽车",
      "group": "待分类",
      "corr_chain1": -0.1,
      "corr_chain2": 0,
      "beta_chain1": 0,
      "beta_chain2": 0
    },
    {
      "code": "000636.SZ",
      "name": "风华高科",
      "group": "消费电子/元器件",
      "corr_chain1": 0.657,
      "corr_chain2": 0,
      "beta_chain1": 0,
      "beta_chain2": 0
    },
    {
      "code": "000661.SZ",
      "name": "长春高新",
      "group": "生物医药",
      "corr_chain1": 0.035,
      "corr_chain2": 0,
      "beta_chain1": 0,
      "beta_chain2": 0
    },
    {
      "code": "000697.SZ",
      "name": "炼石航空",
      "group": "低空经济/航空",
      "corr_chain1": -0.025,
      "corr_chain2": 0,
      "beta_chain1": 0,
      "beta_chain2": 0
    },
    {
      "code": "000703.SZ",
      "name": "恒逸石化",
      "group": "化工/材料",
      "corr_chain1": -0.155,
      "corr_chain2": 0,
      "beta_chain1": 0,
      "beta_chain2": 0
    },
    {
      "code": "000723.SZ",
      "name": "美锦能源",
      "group": "待分类",
      "corr_chain1": -0.39,
      "corr_chain2": 0,
      "beta_chain1": 0,
      "beta_chain2": 0
    },
    {
      "code": "000767.SZ",
      "name": "晋控电力",
      "group": "电力运营",
      "corr_chain1": 0.176,
      "corr_chain2": 0,
      "beta_chain1": 0,
      "beta_chain2": 0
    },
    {
      "code": "000768.SZ",
      "name": "中航西飞",
      "group": "待分类",
      "corr_chain1": 0.061,
      "corr_chain2": 0,
      "beta_chain1": 0,
      "beta_chain2": 0
    },
    {
      "code": "000791.SZ",
      "name": "甘肃能源",
      "group": "电力运营",
      "corr_chain1": 0.063,
      "corr_chain2": 0,
      "beta_chain1": 0,
      "beta_chain2": 0
    },
    {
      "code": "000811.SZ",
      "name": "冰轮环境",
      "group": "工业设备/通用机械",
      "corr_chain1": 0.571,
      "corr_chain2": 0,
      "beta_chain1": 0,
      "beta_chain2": 0
    },
    {
      "code": "000837.SZ",
      "name": "秦川机床",
      "group": "待分类",
      "corr_chain1": -0.348,
      "corr_chain2": 0,
      "beta_chain1": 0,
      "beta_chain2": 0
    },
    {
      "code": "000878.SZ",
      "name": "云南铜业",
      "group": "待分类",
      "corr_chain1": 0.021,
      "corr_chain2": 0,
      "beta_chain1": 0,
      "beta_chain2": 0
    },
    {
      "code": "000881.SZ",
      "name": "中广核技",
      "group": "待分类",
      "corr_chain1": 0.034,
      "corr_chain2": 0,
      "beta_chain1": 0,
      "beta_chain2": 0
    },
    {
      "code": "000889.SZ",
      "name": "中嘉博创",
      "group": "通信/6G",
      "corr_chain1": 0.052,
      "corr_chain2": 0,
      "beta_chain1": 0,
      "beta_chain2": 0
    },
    {
      "code": "000931.SZ",
      "name": "中关村",
      "group": "生物医药",
      "corr_chain1": -0.302,
      "corr_chain2": 0,
      "beta_chain1": 0,
      "beta_chain2": 0
    },
    {
      "code": "000938.SZ",
      "name": "紫光股份",
      "group": "待分类",
      "corr_chain1": 0.043,
      "corr_chain2": 0,
      "beta_chain1": 0,
      "beta_chain2": 0
    },
    {
      "code": "000963.SZ",
      "name": "华东医药",
      "group": "生物医药",
      "corr_chain1": -0.042,
      "corr_chain2": 0,
      "beta_chain1": 0,
      "beta_chain2": 0
    },
    {
      "code": "000967.SZ",
      "name": "盈峰环境",
      "group": "其他",
      "corr_chain1": 0.086,
      "corr_chain2": 0,
      "beta_chain1": 0,
      "beta_chain2": 0
    },
    {
      "code": "000969.SZ",
      "name": "安泰科技",
      "group": "待分类",
      "corr_chain1": 0.11,
      "corr_chain2": 0,
      "beta_chain1": 0,
      "beta_chain2": 0
    },
    {
      "code": "000977.SZ",
      "name": "浪潮信息",
      "group": "待分类",
      "corr_chain1": 0.312,
      "corr_chain2": 0,
      "beta_chain1": 0,
      "beta_chain2": 0
    },
    {
      "code": "000980.SZ",
      "name": "众泰汽车",
      "group": "待分类",
      "corr_chain1": -0.415,
      "corr_chain2": 0,
      "beta_chain1": 0,
      "beta_chain2": 0
    },
    {
      "code": "000990.SZ",
      "name": "诚志股份",
      "group": "化工/材料",
      "corr_chain1": -0.025,
      "corr_chain2": 0,
      "beta_chain1": 0,
      "beta_chain2": 0
    },
    {
      "code": "000999.SZ",
      "name": "华润三九",
      "group": "生物医药",
      "corr_chain1": -0.254,
      "corr_chain2": 0,
      "beta_chain1": 0,
      "beta_chain2": 0
    },
    {
      "code": "001268.SZ",
      "name": "联合精密",
      "group": "工业设备/通用机械",
      "corr_chain1": -0.414,
      "corr_chain2": 0,
      "beta_chain1": 0,
      "beta_chain2": 0
    },
    {
      "code": "001270.SZ",
      "name": "铖昌科技",
      "group": "IC设计",
      "corr_chain1": 0.417,
      "corr_chain2": 0,
      "beta_chain1": 0,
      "beta_chain2": 0
    },
    {
      "code": "001309.SZ",
      "name": "德明利",
      "group": "IC设计",
      "corr_chain1": 0.393,
      "corr_chain2": 0,
      "beta_chain1": 0,
      "beta_chain2": 0
    },
    {
      "code": "001339.SZ",
      "name": "智微智能",
      "group": "AI算力",
      "corr_chain1": 0.527,
      "corr_chain2": 0,
      "beta_chain1": 0,
      "beta_chain2": 0
    },
    {
      "code": "001359.SZ",
      "name": "平安电工",
      "group": "新能源/电力设备",
      "corr_chain1": 0.27,
      "corr_chain2": 0,
      "beta_chain1": 0,
      "beta_chain2": 0
    },
    {
      "code": "001389.SZ",
      "name": "广合科技",
      "group": "消费电子/元器件",
      "corr_chain1": 0.448,
      "corr_chain2": 0,
      "beta_chain1": 0,
      "beta_chain2": 0
    },
    {
      "code": "001896.SZ",
      "name": "豫能控股",
      "group": "电力运营",
      "corr_chain1": 0.122,
      "corr_chain2": 0,
      "beta_chain1": 0,
      "beta_chain2": 0
    },
    {
      "code": "002008.SZ",
      "name": "大族激光",
      "group": "工业设备/通用机械",
      "corr_chain1": 0.164,
      "corr_chain2": 0,
      "beta_chain1": 0,
      "beta_chain2": 0
    },
    {
      "code": "002009.SZ",
      "name": "天奇股份",
      "group": "待分类",
      "corr_chain1": -0.042,
      "corr_chain2": 0,
      "beta_chain1": 0,
      "beta_chain2": 0
    },
    {
      "code": "002015.SZ",
      "name": "协鑫能科",
      "group": "电力运营",
      "corr_chain1": 0.187,
      "corr_chain2": 0,
      "beta_chain1": 0,
      "beta_chain2": 0
    },
    {
      "code": "002019.SZ",
      "name": "亿帆医药",
      "group": "生物医药",
      "corr_chain1": -0.351,
      "corr_chain2": 0,
      "beta_chain1": 0,
      "beta_chain2": 0
    },
    {
      "code": "002025.SZ",
      "name": "航天电器",
      "group": "待分类",
      "corr_chain1": 0.059,
      "corr_chain2": 0,
      "beta_chain1": 0,
      "beta_chain2": 0
    },
    {
      "code": "002031.SZ",
      "name": "巨轮智能",
      "group": "机器人/自动化",
      "corr_chain1": -0.206,
      "corr_chain2": 0,
      "beta_chain1": 0,
      "beta_chain2": 0
    },
    {
      "code": "002038.SZ",
      "name": "双鹭药业",
      "group": "生物医药",
      "corr_chain1": -0.306,
      "corr_chain2": 0,
      "beta_chain1": 0,
      "beta_chain2": 0
    },
    {
      "code": "002046.SZ",
      "name": "国机精工",
      "group": "工业设备/通用机械",
      "corr_chain1": 0.485,
      "corr_chain2": 0,
      "beta_chain1": 0,
      "beta_chain2": 0
    },
    {
      "code": "002062.SZ",
      "name": "宏润建设",
      "group": "地产/基建",
      "corr_chain1": -0.26,
      "corr_chain2": 0,
      "beta_chain1": 0,
      "beta_chain2": 0
    },
    {
      "code": "002074.SZ",
      "name": "国轩高科",
      "group": "待分类",
      "corr_chain1": 0.269,
      "corr_chain2": 0,
      "beta_chain1": 0,
      "beta_chain2": 0
    },
    {
      "code": "002079.SZ",
      "name": "苏州固锝",
      "group": "消费电子/元器件",
      "corr_chain1": 0.528,
      "corr_chain2": 0,
      "beta_chain1": 0,
      "beta_chain2": 0
    },
    {
      "code": "002080.SZ",
      "name": "中材科技",
      "group": "化工/材料",
      "corr_chain1": 0.464,
      "corr_chain2": 0,
      "beta_chain1": 0,
      "beta_chain2": 0
    },
    {
      "code": "002093.SZ",
      "name": "国脉科技",
      "group": "待分类",
      "corr_chain1": 0.104,
      "corr_chain2": 0,
      "beta_chain1": 0,
      "beta_chain2": 0
    },
    {
      "code": "002125.SZ",
      "name": "湘潭电化",
      "group": "待分类",
      "corr_chain1": 0.051,
      "corr_chain2": 0,
      "beta_chain1": 0,
      "beta_chain2": 0
    },
    {
      "code": "002132.SZ",
      "name": "恒星科技",
      "group": "化工/材料",
      "corr_chain1": 0.025,
      "corr_chain2": 0,
      "beta_chain1": 0,
      "beta_chain2": 0
    },
    {
      "code": "002134.SZ",
      "name": "天津普林",
      "group": "消费电子/元器件",
      "corr_chain1": 0.337,
      "corr_chain2": 0,
      "beta_chain1": 0,
      "beta_chain2": 0
    },
    {
      "code": "002139.SZ",
      "name": "拓邦股份",
      "group": "待分类",
      "corr_chain1": -0.223,
      "corr_chain2": 0,
      "beta_chain1": 0,
      "beta_chain2": 0
    },
    {
      "code": "002149.SZ",
      "name": "西部材料",
      "group": "化工/材料",
      "corr_chain1": 0.3,
      "corr_chain2": 0,
      "beta_chain1": 0,
      "beta_chain2": 0
    },
    {
      "code": "002151.SZ",
      "name": "北斗星通",
      "group": "待分类",
      "corr_chain1": 0.049,
      "corr_chain2": 0,
      "beta_chain1": 0,
      "beta_chain2": 0
    },
    {
      "code": "002156.SZ",
      "name": "通富微电",
      "group": "封测与基板",
      "corr_chain1": 0.719,
      "corr_chain2": 0,
      "beta_chain1": 0,
      "beta_chain2": 0
    },
    {
      "code": "002158.SZ",
      "name": "汉钟精机",
      "group": "半导体零部件",
      "corr_chain1": 0.242,
      "corr_chain2": 0,
      "beta_chain1": 0,
      "beta_chain2": 0
    },
    {
      "code": "002176.SZ",
      "name": "江特电机",
      "group": "新能源/电力设备",
      "corr_chain1": -0.056,
      "corr_chain2": 0,
      "beta_chain1": 0,
      "beta_chain2": 0
    },
    {
      "code": "002192.SZ",
      "name": "融捷股份",
      "group": "化工/材料",
      "corr_chain1": 0.203,
      "corr_chain2": 0,
      "beta_chain1": 0,
      "beta_chain2": 0
    },
    {
      "code": "002203.SZ",
      "name": "海亮股份",
      "group": "化工/材料",
      "corr_chain1": 0.233,
      "corr_chain2": 0,
      "beta_chain1": 0,
      "beta_chain2": 0
    },
    {
      "code": "002213.SZ",
      "name": "大为股份",
      "group": "汽车零部件",
      "corr_chain1": 0.342,
      "corr_chain2": 0,
      "beta_chain1": 0,
      "beta_chain2": 0
    },
    {
      "code": "002222.SZ",
      "name": "福晶科技",
      "group": "光通信与光学",
      "corr_chain1": 0.447,
      "corr_chain2": 0,
      "beta_chain1": 0,
      "beta_chain2": 0
    },
    {
      "code": "002240.SZ",
      "name": "盛新锂能",
      "group": "化工/材料",
      "corr_chain1": 0.308,
      "corr_chain2": 0,
      "beta_chain1": 0,
      "beta_chain2": 0
    },
    {
      "code": "002243.SZ",
      "name": "力合科创",
      "group": "待分类",
      "corr_chain1": -0.243,
      "corr_chain2": 0,
      "beta_chain1": 0,
      "beta_chain2": 0
    },
    {
      "code": "002245.SZ",
      "name": "蔚蓝锂芯",
      "group": "新能源/电力设备",
      "corr_chain1": -0.051,
      "corr_chain2": 0,
      "beta_chain1": 0,
      "beta_chain2": 0
    },
    {
      "code": "002254.SZ",
      "name": "泰和新材",
      "group": "化工/材料",
      "corr_chain1": 0.255,
      "corr_chain2": 0,
      "beta_chain1": 0,
      "beta_chain2": 0
    },
    {
      "code": "002256.SZ",
      "name": "兆新股份",
      "group": "新能源/电力设备",
      "corr_chain1": -0.205,
      "corr_chain2": 0,
      "beta_chain1": 0,
      "beta_chain2": 0
    },
    {
      "code": "002268.SZ",
      "name": "电科网安",
      "group": "待分类",
      "corr_chain1": -0.067,
      "corr_chain2": 0,
      "beta_chain1": 0,
      "beta_chain2": 0
    },
    {
      "code": "002273.SZ",
      "name": "水晶光电",
      "group": "光通信与光学",
      "corr_chain1": 0.288,
      "corr_chain2": 0,
      "beta_chain1": 0,
      "beta_chain2": 0
    },
    {
      "code": "002281.SZ",
      "name": "光迅科技",
      "group": "光通信与光学",
      "corr_chain1": 0.572,
      "corr_chain2": 0,
      "beta_chain1": 0,
      "beta_chain2": 0
    },
    {
      "code": "002297.SZ",
      "name": "博云新材",
      "group": "低空经济/航空",
      "corr_chain1": 0.026,
      "corr_chain2": 0,
      "beta_chain1": 0,
      "beta_chain2": 0
    },
    {
      "code": "002318.SZ",
      "name": "久立特材",
      "group": "待分类",
      "corr_chain1": -0.161,
      "corr_chain2": 0,
      "beta_chain1": 0,
      "beta_chain2": 0
    },
    {
      "code": "002326.SZ",
      "name": "永太科技",
      "group": "待分类",
      "corr_chain1": 0.003,
      "corr_chain2": 0,
      "beta_chain1": 0,
      "beta_chain2": 0
    },
    {
      "code": "002328.SZ",
      "name": "新朋股份",
      "group": "汽车零部件",
      "corr_chain1": -0.008,
      "corr_chain2": 0,
      "beta_chain1": 0,
      "beta_chain2": 0
    },
    {
      "code": "002340.SZ",
      "name": "格林美",
      "group": "待分类",
      "corr_chain1": -0.136,
      "corr_chain2": 0,
      "beta_chain1": 0,
      "beta_chain2": 0
    },
    {
      "code": "002348.SZ",
      "name": "高乐股份",
      "group": "消费/医药/传媒",
      "corr_chain1": -0.018,
      "corr_chain2": 0,
      "beta_chain1": 0,
      "beta_chain2": 0
    },
    {
      "code": "002361.SZ",
      "name": "神剑股份",
      "group": "化工/材料",
      "corr_chain1": 0.157,
      "corr_chain2": 0,
      "beta_chain1": 0,
      "beta_chain2": 0
    },
    {
      "code": "002364.SZ",
      "name": "中恒电气",
      "group": "新能源/电力设备",
      "corr_chain1": 0.328,
      "corr_chain2": 0,
      "beta_chain1": 0,
      "beta_chain2": 0
    },
    {
      "code": "002366.SZ",
      "name": "融发核电",
      "group": "待分类",
      "corr_chain1": 0.242,
      "corr_chain2": 0,
      "beta_chain1": 0,
      "beta_chain2": 0
    },
    {
      "code": "002371.SZ",
      "name": "北方华创",
      "group": "半导体设备",
      "corr_chain1": 0.924,
      "corr_chain2": 0,
      "beta_chain1": 0,
      "beta_chain2": 0
    },
    {
      "code": "002380.SZ",
      "name": "科远智慧",
      "group": "软件与IT服务",
      "corr_chain1": -0.007,
      "corr_chain2": 0,
      "beta_chain1": 0,
      "beta_chain2": 0
    },
    {
      "code": "002384.SZ",
      "name": "东山精密",
      "group": "消费电子/元器件",
      "corr_chain1": 0.561,
      "corr_chain2": 0,
      "beta_chain1": 0,
      "beta_chain2": 0
    },
    {
      "code": "002389.SZ",
      "name": "航天彩虹",
      "group": "待分类",
      "corr_chain1": -0.122,
      "corr_chain2": 0,
      "beta_chain1": 0,
      "beta_chain2": 0
    },
    {
      "code": "002392.SZ",
      "name": "北京利尔",
      "group": "化工/材料",
      "corr_chain1": -0.429,
      "corr_chain2": 0,
      "beta_chain1": 0,
      "beta_chain2": 0
    },
    {
      "code": "002399.SZ",
      "name": "海普瑞",
      "group": "生物医药",
      "corr_chain1": -0.211,
      "corr_chain2": 0,
      "beta_chain1": 0,
      "beta_chain2": 0
    },
    {
      "code": "002407.SZ",
      "name": "多氟多",
      "group": "化工/材料",
      "corr_chain1": 0.608,
      "corr_chain2": 0,
      "beta_chain1": 0,
      "beta_chain2": 0
    },
    {
      "code": "002409.SZ",
      "name": "雅克科技",
      "group": "半导体零部件",
      "corr_chain1": 0.877,
      "corr_chain2": 0,
      "beta_chain1": 0,
      "beta_chain2": 0
    },
    {
      "code": "002418.SZ",
      "name": "康盛股份",
      "group": "消费/医药/传媒",
      "corr_chain1": -0.148,
      "corr_chain2": 0,
      "beta_chain1": 0,
      "beta_chain2": 0
    },
    {
      "code": "002422.SZ",
      "name": "科伦药业",
      "group": "生物医药",
      "corr_chain1": -0.168,
      "corr_chain2": 0,
      "beta_chain1": 0,
      "beta_chain2": 0
    },
    {
      "code": "002428.SZ",
      "name": "云南锗业",
      "group": "化工/材料",
      "corr_chain1": 0.506,
      "corr_chain2": 0,
      "beta_chain1": 0,
      "beta_chain2": 0
    },
    {
      "code": "002429.SZ",
      "name": "兆驰股份",
      "group": "消费电子/元器件",
      "corr_chain1": 0.392,
      "corr_chain2": 0,
      "beta_chain1": 0,
      "beta_chain2": 0
    },
    {
      "code": "002432.SZ",
      "name": "九安医疗",
      "group": "待分类",
      "corr_chain1": 0.206,
      "corr_chain2": 0,
      "beta_chain1": 0,
      "beta_chain2": 0
    },
    {
      "code": "002436.SZ",
      "name": "兴森科技",
      "group": "消费电子/元器件",
      "corr_chain1": 0.554,
      "corr_chain2": 0,
      "beta_chain1": 0,
      "beta_chain2": 0
    },
    {
      "code": "002437.SZ",
      "name": "誉衡药业",
      "group": "生物医药",
      "corr_chain1": -0.113,
      "corr_chain2": 0,
      "beta_chain1": 0,
      "beta_chain2": 0
    },
    {
      "code": "002446.SZ",
      "name": "盛路通信",
      "group": "待分类",
      "corr_chain1": 0.032,
      "corr_chain2": 0,
      "beta_chain1": 0,
      "beta_chain2": 0
    },
    {
      "code": "002455.SZ",
      "name": "百川股份",
      "group": "待分类",
      "corr_chain1": -0.091,
      "corr_chain2": 0,
      "beta_chain1": 0,
      "beta_chain2": 0
    },
    {
      "code": "002460.SZ",
      "name": "赣锋锂业",
      "group": "待分类",
      "corr_chain1": 0.399,
      "corr_chain2": 0,
      "beta_chain1": 0,
      "beta_chain2": 0
    },
    {
      "code": "002463.SZ",
      "name": "沪电股份",
      "group": "消费电子/元器件",
      "corr_chain1": 0.581,
      "corr_chain2": 0,
      "beta_chain1": 0,
      "beta_chain2": 0
    },
    {
      "code": "002465.SZ",
      "name": "海格通信",
      "group": "待分类",
      "corr_chain1": -0.098,
      "corr_chain2": 0,
      "beta_chain1": 0,
      "beta_chain2": 0
    },
    {
      "code": "002466.SZ",
      "name": "天齐锂业",
