{
  "generated": "2026-05-22T17:30:08.204975",
  "chain_correlation": NaN,
  "group_matrix_20d": {
    "groups": [
      "AI算力",
      "IC设计",
      "低空经济/航空",
      "光通信与光学",
      "其他",
      "化工/材料",
      "半导体材料",
      "半导体设备",
      "半导体零部件",
      "地产/基建",
      "封测与基板",
      "工业设备/通用机械",
      "待分类",
      "新能源/电力设备",
      "机器人/自动化",
      "汽车零部件",
      "消费/医药/传媒",
      "消费电子/元器件",
      "电力运营",
      "软件与IT服务",
      "通信/6G",
      "金融/综合"
    ],
    "dates": [
      "20260422",
      "20260423",
      "20260424",
      "20260427",
      "20260428",
      "20260429",
      "20260430",
      "20260506",
      "20260507",
      "20260508",
      "20260511",
      "20260512",
      "20260513",
      "20260514",
      "20260515",
      "20260518",
      "20260519",
      "20260520",
      "20260521",
      "20260522"
    ],
    "window_days": 20,
    "matrix": [
      [
        1.0,
        0.618,
        0.483,
        0.578,
        0.765,
        0.777,
        0.567,
        0.358,
        0.403,
        0.59,
        0.48,
        0.408,
        0.14,
        0.819,
        0.355,
        0.54,
        0.651,
        0.646,
        0.456,
        0.705,
        0.684,
        0.678
      ],
      [
        0.618,
        1.0,
        0.556,
        0.735,
        0.821,
        0.828,
        0.858,
        0.782,
        0.757,
        0.62,
        0.871,
        0.605,
        -0.064,
        0.778,
        0.617,
        0.751,
        0.773,
        0.804,
        0.194,
        0.722,
        0.75,
        0.339
      ],
      [
        0.483,
        0.556,
        1.0,
        0.596,
        0.682,
        0.651,
        0.457,
        0.23,
        0.266,
        0.635,
        0.376,
        0.236,
        -0.278,
        0.612,
        0.504,
        0.67,
        0.782,
        0.662,
        0.331,
        0.647,
        0.59,
        0.434
      ],
      [
        0.578,
        0.735,
        0.596,
        1.0,
        0.812,
        0.726,
        0.634,
        0.681,
        0.669,
        0.738,
        0.711,
        0.406,
        -0.022,
        0.694,
        0.58,
        0.862,
        0.713,
        0.87,
        0.224,
        0.8,
        0.847,
        0.362
      ],
      [
        0.765,
        0.821,
        0.682,
        0.812,
        1.0,
        0.881,
        0.722,
        0.631,
        0.631,
        0.844,
        0.709,
        0.609,
        -0.016,
        0.832,
        0.758,
        0.917,
        0.874,
        0.856,
        0.424,
        0.864,
        0.845,
        0.504
      ],
      [
        0.777,
        0.828,
        0.651,
        0.726,
        0.881,
        1.0,
        0.75,
        0.577,
        0.618,
        0.719,
        0.688,
        0.653,
        0.104,
        0.907,
        0.573,
        0.736,
        0.815,
        0.861,
        0.397,
        0.793,
        0.769,
        0.526
      ],
      [
        0.567,
        0.858,
        0.457,
        0.634,
        0.722,
        0.75,
        1.0,
        0.804,
        0.769,
        0.619,
        0.717,
        0.462,
        0.294,
        0.666,
        0.514,
        0.626,
        0.732,
        0.7,
        0.401,
        0.666,
        0.73,
        0.487
      ],
      [
        0.358,
        0.782,
        0.23,
        0.681,
        0.631,
        0.577,
        0.804,
        1.0,
        0.896,
        0.485,
        0.826,
        0.407,
        0.141,
        0.566,
        0.597,
        0.631,
        0.52,
        0.676,
        0.151,
        0.546,
        0.628,
        0.131
      ],
      [
        0.403,
        0.757,
        0.266,
        0.669,
        0.631,
        0.618,
        0.769,
        0.896,
        1.0,
        0.495,
        0.808,
        0.437,
        0.08,
        0.57,
        0.602,
        0.611,
        0.547,
        0.661,
        0.149,
        0.636,
        0.615,
        0.103
      ],
      [
        0.59,
        0.62,
        0.635,
        0.738,
        0.844,
        0.719,
        0.619,
        0.485,
        0.495,
        1.0,
        0.419,
        0.439,
        0.066,
        0.698,
        0.594,
        0.78,
        0.886,
        0.701,
        0.46,
        0.83,
        0.8,
        0.509
      ],
      [
        0.48,
        0.871,
        0.376,
        0.711,
        0.709,
        0.688,
        0.717,
        0.826,
        0.808,
        0.419,
        1.0,
        0.642,
        -0.09,
        0.592,
        0.626,
        0.723,
        0.523,
        0.704,
        -0.043,
        0.571,
        0.604,
        0.151
      ],
      [
        0.408,
        0.605,
        0.236,
        0.406,
        0.609,
        0.653,
        0.462,
        0.407,
        0.437,
        0.439,
        0.642,
        1.0,
        0.075,
        0.471,
        0.465,
        0.533,
        0.407,
        0.463,
        0.053,
        0.422,
        0.494,
        0.193
      ],
      [
        0.14,
        -0.064,
        -0.278,
        -0.022,
        -0.016,
        0.104,
        0.294,
        0.141,
        0.08,
        0.066,
        -0.09,
        0.075,
        1.0,
        0.031,
        -0.108,
        -0.106,
        0.009,
        0.045,
        0.547,
        0.16,
        0.189,
        0.174
      ],
      [
        0.819,
        0.778,
        0.612,
        0.694,
        0.832,
        0.907,
        0.666,
        0.566,
        0.57,
        0.698,
        0.592,
        0.471,
        0.031,
        1.0,
        0.423,
        0.646,
        0.808,
        0.794,
        0.466,
        0.741,
        0.801,
        0.556
      ],
      [
        0.355,
        0.617,
        0.504,
        0.58,
        0.758,
        0.573,
        0.514,
        0.597,
        0.602,
        0.594,
        0.626,
        0.465,
        -0.108,
        0.423,
        1.0,
        0.84,
        0.64,
        0.622,
        0.239,
        0.646,
        0.494,
        0.017
      ],
      [
        0.54,
        0.751,
        0.67,
        0.862,
        0.917,
        0.736,
        0.626,
        0.631,
        0.611,
        0.78,
        0.723,
        0.533,
        -0.106,
        0.646,
        0.84,
        1.0,
        0.818,
        0.848,
        0.34,
        0.776,
        0.79,
        0.286
      ],
      [
        0.651,
        0.773,
        0.782,
        0.713,
        0.874,
        0.815,
        0.732,
        0.52,
        0.547,
        0.886,
        0.523,
        0.407,
        0.009,
        0.808,
        0.64,
        0.818,
        1.0,
        0.805,
        0.562,
        0.816,
        0.798,
        0.459
      ],
      [
        0.646,
        0.804,
        0.662,
        0.87,
        0.856,
        0.861,
        0.7,
        0.676,
        0.661,
        0.701,
        0.704,
        0.463,
        0.045,
        0.794,
        0.622,
        0.848,
        0.805,
        1.0,
        0.419,
        0.799,
        0.81,
        0.374
      ],
      [
        0.456,
        0.194,
        0.331,
        0.224,
        0.424,
        0.397,
        0.401,
        0.151,
        0.149,
        0.46,
        -0.043,
        0.053,
        0.547,
        0.466,
        0.239,
        0.34,
        0.562,
        0.419,
        1.0,
        0.479,
        0.567,
        0.467
      ],
      [
        0.705,
        0.722,
        0.647,
        0.8,
        0.864,
        0.793,
        0.666,
        0.546,
        0.636,
        0.83,
        0.571,
        0.422,
        0.16,
        0.741,
        0.646,
        0.776,
        0.816,
        0.799,
        0.479,
        1.0,
        0.855,
        0.449
      ],
      [
        0.684,
        0.75,
        0.59,
        0.847,
        0.845,
        0.769,
        0.73,
        0.628,
        0.615,
        0.8,
        0.604,
        0.494,
        0.189,
        0.801,
        0.494,
        0.79,
        0.798,
        0.81,
        0.567,
        0.855,
        1.0,
        0.568
      ],
      [
        0.678,
        0.339,
        0.434,
        0.362,
        0.504,
        0.526,
        0.487,
        0.131,
        0.103,
        0.509,
        0.151,
        0.193,
        0.174,
        0.556,
        0.017,
        0.286,
        0.459,
        0.374,
        0.467,
        0.449,
        0.568,
        1.0
      ]
    ],
    "top_pairs": [
      {
        "pair": "其他 ↔ 汽车零部件",
        "correlation": 0.917
      },
      {
        "pair": "化工/材料 ↔ 新能源/电力设备",
        "correlation": 0.907
      },
      {
        "pair": "半导体设备 ↔ 半导体零部件",
        "correlation": 0.896
      },
      {
        "pair": "地产/基建 ↔ 消费/医药/传媒",
        "correlation": 0.886
      },
      {
        "pair": "其他 ↔ 化工/材料",
        "correlation": 0.881
      },
      {
        "pair": "其他 ↔ 消费/医药/传媒",
        "correlation": 0.874
      },
      {
        "pair": "IC设计 ↔ 封测与基板",
        "correlation": 0.871
      },
      {
        "pair": "光通信与光学 ↔ 消费电子/元器件",
        "correlation": 0.87
      },
      {
        "pair": "其他 ↔ 软件与IT服务",
        "correlation": 0.864
      },
      {
        "pair": "光通信与光学 ↔ 汽车零部件",
        "correlation": 0.862
      }
    ]
  },
  "group_matrix_60d": {
    "groups": [
      "AI算力",
      "IC设计",
      "低空经济/航空",
      "光通信与光学",
      "其他",
      "化工/材料",
      "半导体材料",
      "半导体设备",
      "半导体零部件",
      "地产/基建",
      "封测与基板",
      "工业设备/通用机械",
      "待分类",
      "新能源/电力设备",
      "机器人/自动化",
      "汽车零部件",
      "消费/医药/传媒",
      "消费电子/元器件",
      "电力运营",
      "软件与IT服务",
      "通信/6G",
      "金融/综合"
    ],
    "dates": [
      "20260422",
      "20260423",
      "20260424",
      "20260427",
      "20260428",
      "20260429",
      "20260430",
      "20260506",
      "20260507",
      "20260508",
      "20260511",
      "20260512",
      "20260513",
      "20260514",
      "20260515",
      "20260518",
      "20260519",
      "20260520",
      "20260521",
      "20260522"
    ],
    "window_days": 60,
    "matrix": [
      [
        1.0,
        0.754,
        0.65,
        0.61,
        0.765,
        0.716,
        0.614,
        0.589,
        0.596,
        0.686,
        0.227,
        0.599,
        0.226,
        0.803,
        0.613,
        0.698,
        0.703,
        0.752,
        0.444,
        0.789,
        0.696,
        0.611
      ],
      [
        0.754,
        1.0,
        0.658,
        0.692,
        0.813,
        0.8,
        0.754,
        0.772,
        0.736,
        0.734,
        0.411,
        0.706,
        0.125,
        0.771,
        0.738,
        0.797,
        0.761,
        0.801,
        0.338,
        0.813,
        0.702,
        0.487
      ],
      [
        0.65,
        0.658,
        1.0,
        0.585,
        0.723,
        0.682,
        0.511,
        0.459,
        0.452,
        0.703,
        0.274,
        0.5,
        0.132,
        0.754,
        0.631,
        0.759,
        0.794,
        0.739,
        0.333,
        0.772,
        0.658,
        0.564
      ],
      [
        0.61,
        0.692,
        0.585,
        1.0,
        0.795,
        0.732,
        0.684,
        0.73,
        0.723,
        0.758,
        0.452,
        0.623,
        -0.061,
        0.664,
        0.667,
        0.854,
        0.668,
        0.86,
        0.323,
        0.75,
        0.765,
        0.487
      ],
      [
        0.765,
        0.813,
        0.723,
        0.795,
        1.0,
        0.887,
        0.761,
        0.746,
        0.727,
        0.907,
        0.462,
        0.772,
        0.059,
        0.836,
        0.83,
        0.889,
        0.879,
        0.891,
        0.539,
        0.892,
        0.772,
        0.651
      ],
      [
        0.716,
        0.8,
        0.682,
        0.732,
        0.887,
        1.0,
        0.754,
        0.702,
        0.723,
        0.852,
        0.447,
        0.786,
        0.044,
        0.869,
        0.697,
        0.819,
        0.862,
        0.854,
        0.524,
        0.85,
        0.694,
        0.662
      ],
      [
        0.614,
        0.754,
        0.511,
        0.684,
        0.761,
        0.754,
        1.0,
        0.846,
        0.838,
        0.694,
        0.492,
        0.628,
        0.143,
        0.675,
        0.663,
        0.67,
        0.695,
        0.759,
        0.453,
        0.704,
        0.713,
        0.584
      ],
      [
        0.589,
        0.772,
        0.459,
        0.73,
        0.746,
        0.702,
        0.846,
        1.0,
        0.922,
        0.7,
        0.504,
        0.654,
        0.097,
        0.666,
        0.748,
        0.757,
        0.67,
        0.808,
        0.277,
        0.702,
        0.674,
        0.406
      ],
      [
        0.596,
        0.736,
        0.452,
        0.723,
        0.727,
        0.723,
        0.838,
        0.922,
        1.0,
        0.689,
        0.472,
        0.657,
        0.096,
        0.661,
        0.737,
        0.727,
        0.656,
        0.785,
        0.314,
        0.734,
        0.653,
        0.37
      ],
      [
        0.686,
        0.734,
        0.703,
        0.758,
        0.907,
        0.852,
        0.694,
        0.7,
        0.689,
        1.0,
        0.387,
        0.727,
        0.082,
        0.792,
        0.77,
        0.85,
        0.929,
        0.851,
        0.584,
        0.91,
        0.727,
        0.645
      ],
      [
        0.227,
        0.411,
        0.274,
        0.452,
        0.462,
        0.447,
        0.492,
        0.504,
        0.472,
        0.387,
        1.0,
        0.404,
        -0.127,
        0.319,
        0.403,
        0.388,
        0.339,
        0.496,
        0.185,
        0.322,
        0.25,
        0.233
      ],
      [
        0.599,
        0.706,
        0.5,
        0.623,
        0.772,
        0.786,
        0.628,
        0.654,
        0.657,
        0.727,
        0.404,
        1.0,
        0.108,
        0.679,
        0.69,
        0.743,
        0.668,
        0.733,
        0.294,
        0.702,
        0.599,
        0.482
      ],
      [
        0.226,
        0.125,
        0.132,
        -0.061,
        0.059,
        0.044,
        0.143,
        0.097,
        0.096,
        0.082,
        -0.127,
        0.108,
        1.0,
        0.194,
        0.098,
        0.037,
        0.063,
        0.1,
        0.253,
        0.2,
        0.168,
        0.227
      ],
      [
        0.803,
        0.771,
        0.754,
        0.664,
        0.836,
        0.869,
        0.675,
        0.666,
        0.661,
        0.792,
        0.319,
        0.679,
        0.194,
        1.0,
        0.633,
        0.777,
        0.832,
        0.835,
        0.533,
        0.849,
        0.759,
        0.693
      ],
      [
        0.613,
        0.738,
        0.631,
        0.667,
        0.83,
        0.697,
        0.663,
        0.748,
        0.737,
        0.77,
        0.403,
        0.69,
        0.098,
        0.633,
        1.0,
        0.829,
        0.765,
        0.786,
        0.381,
        0.806,
        0.594,
        0.362
      ],
      [
        0.698,
        0.797,
        0.759,
        0.854,
        0.889,
        0.819,
        0.67,
        0.757,
        0.727,
        0.85,
        0.388,
        0.743,
        0.037,
        0.777,
        0.829,
        1.0,
        0.83,
        0.897,
        0.398,
        0.856,
        0.776,
        0.523
      ],
      [
        0.703,
        0.761,
        0.794,
        0.668,
        0.879,
        0.862,
        0.695,
        0.67,
        0.656,
        0.929,
        0.339,
        0.668,
        0.063,
        0.832,
        0.765,
        0.83,
        1.0,
        0.828,
        0.579,
        0.901,
        0.748,
        0.59
      ],
      [
        0.752,
        0.801,
        0.739,
        0.86,
        0.891,
        0.854,
        0.759,
        0.808,
        0.785,
        0.851,
        0.496,
        0.733,
        0.1,
        0.835,
        0.786,
        0.897,
        0.828,
        1.0,
        0.47,
        0.874,
        0.752,
        0.578
      ],
      [
        0.444,
        0.338,
        0.333,
        0.323,
        0.539,
        0.524,
        0.453,
        0.277,
        0.314,
        0.584,
        0.185,
        0.294,
        0.253,
        0.533,
        0.381,
        0.398,
        0.579,
        0.47,
        1.0,
        0.544,
        0.455,
        0.51
      ],
      [
        0.789,
        0.813,
        0.772,
        0.75,
        0.892,
        0.85,
        0.704,
        0.702,
        0.734,
        0.91,
        0.322,
        0.702,
        0.2,
        0.849,
        0.806,
        0.856,
        0.901,
        0.874,
        0.544,
        1.0,
        0.783,
        0.607
      ],
      [
        0.696,
        0.702,
        0.658,
        0.765,
        0.772,
        0.694,
        0.713,
        0.674,
        0.653,
        0.727,
        0.25,
        0.599,
        0.168,
        0.759,
        0.594,
        0.776,
        0.748,
        0.752,
        0.455,
        0.783,
        1.0,
        0.57
      ],
      [
        0.611,
        0.487,
        0.564,
        0.487,
        0.651,
        0.662,
        0.584,
        0.406,
        0.37,
        0.645,
        0.233,
        0.482,
        0.227,
        0.693,
        0.362,
        0.523,
        0.59,
        0.578,
        0.51,
        0.607,
        0.57,
        1.0
      ]
    ],
    "top_pairs": [
      {
        "pair": "地产/基建 ↔ 消费/医药/传媒",
        "correlation": 0.929
      },
      {
        "pair": "半导体设备 ↔ 半导体零部件",
        "correlation": 0.922
      },
      {
        "pair": "地产/基建 ↔ 软件与IT服务",
        "correlation": 0.91
      },
      {
        "pair": "其他 ↔ 地产/基建",
        "correlation": 0.907
      },
      {
        "pair": "消费/医药/传媒 ↔ 软件与IT服务",
        "correlation": 0.901
      },
      {
        "pair": "汽车零部件 ↔ 消费电子/元器件",
        "correlation": 0.897
      },
      {
        "pair": "其他 ↔ 软件与IT服务",
        "correlation": 0.892
      },
      {
        "pair": "其他 ↔ 消费电子/元器件",
        "correlation": 0.891
      },
      {
        "pair": "其他 ↔ 汽车零部件",
        "correlation": 0.889
      },
      {
        "pair": "其他 ↔ 化工/材料",
        "correlation": 0.887
      }
    ]
  },
  "stock_chain_corr": [
    {
      "code": "000026.SZ",
      "name": "飞亚达",
      "group": "消费/医药/传媒",
      "corr_chain1": -0.229,
      "corr_chain2": 0,
      "beta_chain1": 0,
      "beta_chain2": 0
    },
    {
      "code": "000029.SZ",
      "name": "深深房Ａ",
      "group": "地产/基建",
      "corr_chain1": 0.354,
      "corr_chain2": 0,
      "beta_chain1": 0,
      "beta_chain2": 0
    },
    {
      "code": "000060.SZ",
      "name": "中金岭南",
      "group": "化工/材料",
      "corr_chain1": 0.469,
      "corr_chain2": 0,
      "beta_chain1": 0,
      "beta_chain2": 0
    },
    {
      "code": "000062.SZ",
      "name": "深圳华强",
      "group": "消费电子/元器件",
      "corr_chain1": 0.642,
      "corr_chain2": 0,
      "beta_chain1": 0,
      "beta_chain2": 0
    },
    {
      "code": "000066.SZ",
      "name": "中国长城",
      "group": "AI算力",
      "corr_chain1": 0.334,
      "corr_chain2": 0,
      "beta_chain1": 0,
      "beta_chain2": 0
    },
    {
      "code": "000338.SZ",
      "name": "潍柴动力",
      "group": "汽车零部件",
      "corr_chain1": 0.367,
      "corr_chain2": 0,
      "beta_chain1": 0,
      "beta_chain2": 0
    },
    {
      "code": "000402.SZ",
      "name": "金融街",
      "group": "地产/基建",
      "corr_chain1": 0.523,
      "corr_chain2": 0,
      "beta_chain1": 0,
      "beta_chain2": 0
    },
    {
      "code": "000539.SZ",
      "name": "粤电力Ａ",
      "group": "电力运营",
      "corr_chain1": 0.27,
      "corr_chain2": 0,
      "beta_chain1": 0,
      "beta_chain2": 0
    },
    {
      "code": "000593.SZ",
      "name": "德龙汇能",
      "group": "电力运营",
      "corr_chain1": 0.1,
      "corr_chain2": 0,
      "beta_chain1": 0,
      "beta_chain2": 0
    },
    {
      "code": "000601.SZ",
      "name": "韶能股份",
      "group": "电力运营",
      "corr_chain1": 0.156,
      "corr_chain2": 0,
      "beta_chain1": 0,
      "beta_chain2": 0
    },
    {
      "code": "000609.SZ",
      "name": "*ST中迪",
      "group": "地产/基建",
      "corr_chain1": 0.068,
      "corr_chain2": 0,
      "beta_chain1": 0,
      "beta_chain2": 0
    },
    {
      "code": "000636.SZ",
      "name": "风华高科",
      "group": "消费电子/元器件",
      "corr_chain1": 0.367,
      "corr_chain2": 0,
      "beta_chain1": 0,
      "beta_chain2": 0
    },
    {
      "code": "000697.SZ",
      "name": "炼石航空",
      "group": "低空经济/航空",
      "corr_chain1": 0.067,
      "corr_chain2": 0,
      "beta_chain1": 0,
      "beta_chain2": 0
    },
    {
      "code": "000703.SZ",
      "name": "恒逸石化",
      "group": "化工/材料",
      "corr_chain1": 0.302,
      "corr_chain2": 0,
      "beta_chain1": 0,
      "beta_chain2": 0
    },
    {
      "code": "000711.SZ",
      "name": "ST京蓝",
      "group": "其他",
      "corr_chain1": 0.425,
      "corr_chain2": 0,
      "beta_chain1": 0,
      "beta_chain2": 0
    },
    {
      "code": "000767.SZ",
      "name": "晋控电力",
      "group": "电力运营",
      "corr_chain1": 0.312,
      "corr_chain2": 0,
      "beta_chain1": 0,
      "beta_chain2": 0
    },
    {
      "code": "000782.SZ",
      "name": "恒申新材",
      "group": "化工/材料",
      "corr_chain1": 0.377,
      "corr_chain2": 0,
      "beta_chain1": 0,
      "beta_chain2": 0
    },
    {
      "code": "000791.SZ",
      "name": "甘肃能源",
      "group": "电力运营",
      "corr_chain1": 0.313,
      "corr_chain2": 0,
      "beta_chain1": 0,
      "beta_chain2": 0
    },
    {
      "code": "000811.SZ",
      "name": "冰轮环境",
      "group": "工业设备/通用机械",
      "corr_chain1": 0.491,
      "corr_chain2": 0,
      "beta_chain1": 0,
      "beta_chain2": 0
    },
    {
      "code": "000889.SZ",
      "name": "中嘉博创",
      "group": "通信/6G",
      "corr_chain1": 0.447,
      "corr_chain2": 0,
      "beta_chain1": 0,
      "beta_chain2": 0
    },
    {
      "code": "000925.SZ",
      "name": "众合科技",
      "group": "工业设备/通用机械",
      "corr_chain1": 0.332,
      "corr_chain2": 0,
      "beta_chain1": 0,
      "beta_chain2": 0
    },
    {
      "code": "000967.SZ",
      "name": "盈峰环境",
      "group": "其他",
      "corr_chain1": 0.311,
      "corr_chain2": 0,
      "beta_chain1": 0,
      "beta_chain2": 0
    },
    {
      "code": "000988.SZ",
      "name": "华工科技",
      "group": "光通信与光学",
      "corr_chain1": 0.584,
      "corr_chain2": 0,
      "beta_chain1": 0,
      "beta_chain2": 0
    },
    {
      "code": "000990.SZ",
      "name": "诚志股份",
      "group": "化工/材料",
      "corr_chain1": 0.461,
      "corr_chain2": 0,
      "beta_chain1": 0,
      "beta_chain2": 0
    },
    {
      "code": "001210.SZ",
      "name": "金房能源",
      "group": "电力运营",
      "corr_chain1": 0.44,
      "corr_chain2": 0,
      "beta_chain1": 0,
      "beta_chain2": 0
    },
    {
      "code": "001211.SZ",
      "name": "双枪科技",
      "group": "消费/医药/传媒",
      "corr_chain1": 0.584,
      "corr_chain2": 0,
      "beta_chain1": 0,
      "beta_chain2": 0
    },
    {
      "code": "001234.SZ",
      "name": "泰慕士",
      "group": "消费/医药/传媒",
      "corr_chain1": 0.274,
      "corr_chain2": 0,
      "beta_chain1": 0,
      "beta_chain2": 0
    },
    {
      "code": "001259.SZ",
      "name": "利仁科技",
      "group": "消费/医药/传媒",
      "corr_chain1": -0.084,
      "corr_chain2": 0,
      "beta_chain1": 0,
      "beta_chain2": 0
    },
    {
      "code": "001266.SZ",
      "name": "宏英智能",
      "group": "工业设备/通用机械",
      "corr_chain1": 0.211,
      "corr_chain2": 0,
      "beta_chain1": 0,
      "beta_chain2": 0
    },
    {
      "code": "001267.SZ",
      "name": "汇绿生态",
      "group": "地产/基建",
      "corr_chain1": 0.031,
      "corr_chain2": 0,
      "beta_chain1": 0,
      "beta_chain2": 0
    },
    {
      "code": "001268.SZ",
      "name": "联合精密",
      "group": "工业设备/通用机械",
      "corr_chain1": 0.595,
      "corr_chain2": 0,
      "beta_chain1": 0,
      "beta_chain2": 0
    },
    {
      "code": "001270.SZ",
      "name": "铖昌科技",
      "group": "IC设计",
      "corr_chain1": -0.434,
      "corr_chain2": 0,
      "beta_chain1": 0,
      "beta_chain2": 0
    },
    {
      "code": "001309.SZ",
      "name": "德明利",
      "group": "IC设计",
      "corr_chain1": 0.503,
      "corr_chain2": 0,
      "beta_chain1": 0,
      "beta_chain2": 0
    },
    {
      "code": "001314.SZ",
      "name": "亿道信息",
      "group": "消费电子/元器件",
      "corr_chain1": 0.403,
      "corr_chain2": 0,
      "beta_chain1": 0,
      "beta_chain2": 0
    },
    {
      "code": "001330.SZ",
      "name": "博纳影业",
      "group": "消费/医药/传媒",
      "corr_chain1": 0.409,
      "corr_chain2": 0,
      "beta_chain1": 0,
      "beta_chain2": 0
    },
    {
      "code": "001339.SZ",
      "name": "智微智能",
      "group": "AI算力",
      "corr_chain1": 0.681,
      "corr_chain2": 0,
      "beta_chain1": 0,
      "beta_chain2": 0
    },
    {
      "code": "001359.SZ",
      "name": "平安电工",
      "group": "新能源/电力设备",
      "corr_chain1": 0.417,
      "corr_chain2": 0,
      "beta_chain1": 0,
      "beta_chain2": 0
    },
    {
      "code": "001389.SZ",
      "name": "广合科技",
      "group": "消费电子/元器件",
      "corr_chain1": 0.498,
      "corr_chain2": 0,
      "beta_chain1": 0,
      "beta_chain2": 0
    },
    {
      "code": "001896.SZ",
      "name": "豫能控股",
      "group": "电力运营",
      "corr_chain1": -0.147,
      "corr_chain2": 0,
      "beta_chain1": 0,
      "beta_chain2": 0
    },
    {
      "code": "002008.SZ",
      "name": "大族激光",
      "group": "工业设备/通用机械",
      "corr_chain1": 0.458,
      "corr_chain2": 0,
      "beta_chain1": 0,
      "beta_chain2": 0
    },
    {
      "code": "002015.SZ",
      "name": "协鑫能科",
      "group": "电力运营",
      "corr_chain1": 0.321,
      "corr_chain2": 0,
      "beta_chain1": 0,
      "beta_chain2": 0
    },
    {
      "code": "002031.SZ",
      "name": "巨轮智能",
      "group": "机器人/自动化",
      "corr_chain1": 0.145,
      "corr_chain2": 0,
      "beta_chain1": 0,
      "beta_chain2": 0
    },
    {
      "code": "002046.SZ",
      "name": "国机精工",
      "group": "工业设备/通用机械",
      "corr_chain1": 0.339,
      "corr_chain2": 0,
      "beta_chain1": 0,
      "beta_chain2": 0
    },
    {
      "code": "002062.SZ",
      "name": "宏润建设",
      "group": "地产/基建",
      "corr_chain1": 0.311,
      "corr_chain2": 0,
      "beta_chain1": 0,
      "beta_chain2": 0
    },
    {
      "code": "002079.SZ",
      "name": "苏州固锝",
      "group": "消费电子/元器件",
      "corr_chain1": 0.821,
      "corr_chain2": 0,
      "beta_chain1": 0,
      "beta_chain2": 0
    },
    {
      "code": "002080.SZ",
      "name": "中材科技",
      "group": "化工/材料",
      "corr_chain1": 0.183,
      "corr_chain2": 0,
      "beta_chain1": 0,
      "beta_chain2": 0
    },
    {
      "code": "002081.SZ",
      "name": "金螳螂",
      "group": "地产/基建",
      "corr_chain1": 0.443,
      "corr_chain2": 0,
      "beta_chain1": 0,
      "beta_chain2": 0
    },
    {
      "code": "002132.SZ",
      "name": "恒星科技",
      "group": "化工/材料",
      "corr_chain1": -0.054,
      "corr_chain2": 0,
      "beta_chain1": 0,
      "beta_chain2": 0
    },
    {
      "code": "002134.SZ",
      "name": "天津普林",
      "group": "消费电子/元器件",
      "corr_chain1": 0.437,
      "corr_chain2": 0,
      "beta_chain1": 0,
      "beta_chain2": 0
    },
    {
      "code": "002135.SZ",
      "name": "东南网架",
      "group": "地产/基建",
      "corr_chain1": 0.484,
      "corr_chain2": 0,
      "beta_chain1": 0,
      "beta_chain2": 0
    },
    {
      "code": "002149.SZ",
      "name": "西部材料",
      "group": "化工/材料",
      "corr_chain1": 0.162,
      "corr_chain2": 0,
      "beta_chain1": 0,
      "beta_chain2": 0
    },
    {
      "code": "002156.SZ",
      "name": "通富微电",
      "group": "封测与基板",
      "corr_chain1": 0.567,
      "corr_chain2": 0,
      "beta_chain1": 0,
      "beta_chain2": 0
    },
    {
      "code": "002158.SZ",
      "name": "汉钟精机",
      "group": "半导体零部件",
      "corr_chain1": 0.653,
      "corr_chain2": 0,
      "beta_chain1": 0,
      "beta_chain2": 0
    },
    {
      "code": "002176.SZ",
      "name": "江特电机",
      "group": "新能源/电力设备",
      "corr_chain1": 0.431,
      "corr_chain2": 0,
      "beta_chain1": 0,
      "beta_chain2": 0
    },
    {
      "code": "002181.SZ",
      "name": "粤传媒",
      "group": "消费/医药/传媒",
      "corr_chain1": 0.257,
      "corr_chain2": 0,
      "beta_chain1": 0,
      "beta_chain2": 0
    },
    {
      "code": "002183.SZ",
      "name": "怡亚通",
      "group": "消费/医药/传媒",
      "corr_chain1": 0.612,
      "corr_chain2": 0,
      "beta_chain1": 0,
      "beta_chain2": 0
    },
    {
      "code": "002192.SZ",
      "name": "融捷股份",
      "group": "化工/材料",
      "corr_chain1": 0.572,
      "corr_chain2": 0,
      "beta_chain1": 0,
      "beta_chain2": 0
    },
    {
      "code": "002199.SZ",
      "name": "*ST东晶",
      "group": "消费电子/元器件",
      "corr_chain1": 0.427,
      "corr_chain2": 0,
      "beta_chain1": 0,
      "beta_chain2": 0
    },
    {
      "code": "002203.SZ",
      "name": "海亮股份",
      "group": "化工/材料",
      "corr_chain1": 0.312,
      "corr_chain2": 0,
      "beta_chain1": 0,
      "beta_chain2": 0
    },
    {
      "code": "002207.SZ",
      "name": "*ST准油",
      "group": "其他",
      "corr_chain1": 0.393,
      "corr_chain2": 0,
      "beta_chain1": 0,
      "beta_chain2": 0
    },
    {
      "code": "002208.SZ",
      "name": "合肥城建",
      "group": "地产/基建",
      "corr_chain1": 0.477,
      "corr_chain2": 0,
      "beta_chain1": 0,
      "beta_chain2": 0
    },
    {
      "code": "002213.SZ",
      "name": "大为股份",
      "group": "汽车零部件",
      "corr_chain1": 0.651,
      "corr_chain2": 0,
      "beta_chain1": 0,
      "beta_chain2": 0
    },
    {
      "code": "002222.SZ",
      "name": "福晶科技",
      "group": "光通信与光学",
      "corr_chain1": 0.399,
      "corr_chain2": 0,
      "beta_chain1": 0,
      "beta_chain2": 0
    },
    {
      "code": "002240.SZ",
      "name": "盛新锂能",
      "group": "化工/材料",
      "corr_chain1": 0.404,
      "corr_chain2": 0,
      "beta_chain1": 0,
      "beta_chain2": 0
    },
    {
      "code": "002245.SZ",
      "name": "蔚蓝锂芯",
      "group": "新能源/电力设备",
      "corr_chain1": -0.001,
      "corr_chain2": 0,
      "beta_chain1": 0,
      "beta_chain2": 0
    },
    {
      "code": "002254.SZ",
      "name": "泰和新材",
      "group": "化工/材料",
      "corr_chain1": 0.213,
      "corr_chain2": 0,
      "beta_chain1": 0,
      "beta_chain2": 0
    },
    {
      "code": "002256.SZ",
      "name": "兆新股份",
      "group": "新能源/电力设备",
      "corr_chain1": 0.409,
      "corr_chain2": 0,
      "beta_chain1": 0,
      "beta_chain2": 0
    },
    {
      "code": "002273.SZ",
      "name": "水晶光电",
      "group": "光通信与光学",
      "corr_chain1": 0.73,
      "corr_chain2": 0,
      "beta_chain1": 0,
      "beta_chain2": 0
    },
    {
      "code": "002281.SZ",
      "name": "光迅科技",
      "group": "光通信与光学",
      "corr_chain1": 0.54,
      "corr_chain2": 0,
      "beta_chain1": 0,
      "beta_chain2": 0
    },
    {
      "code": "002290.SZ",
      "name": "禾盛新材",
      "group": "消费/医药/传媒",
      "corr_chain1": 0.231,
      "corr_chain2": 0,
      "beta_chain1": 0,
      "beta_chain2": 0
    },
    {
      "code": "002297.SZ",
      "name": "博云新材",
      "group": "低空经济/航空",
      "corr_chain1": -0.174,
      "corr_chain2": 0,
      "beta_chain1": 0,
      "beta_chain2": 0
    },
    {
      "code": "002328.SZ",
      "name": "新朋股份",
      "group": "汽车零部件",
      "corr_chain1": 0.683,
      "corr_chain2": 0,
      "beta_chain1": 0,
      "beta_chain2": 0
    },
    {
      "code": "002342.SZ",
      "name": "巨力索具",
      "group": "工业设备/通用机械",
      "corr_chain1": 0.388,
      "corr_chain2": 0,
      "beta_chain1": 0,
      "beta_chain2": 0
    },
    {
      "code": "002348.SZ",
      "name": "高乐股份",
      "group": "消费/医药/传媒",
      "corr_chain1": 0.289,
      "corr_chain2": 0,
      "beta_chain1": 0,
      "beta_chain2": 0
    },
    {
      "code": "002353.SZ",
      "name": "杰瑞股份",
      "group": "工业设备/通用机械",
      "corr_chain1": 0.331,
      "corr_chain2": 0,
      "beta_chain1": 0,
      "beta_chain2": 0
    },
    {
      "code": "002361.SZ",
      "name": "神剑股份",
      "group": "化工/材料",
      "corr_chain1": 0.28,
      "corr_chain2": 0,
      "beta_chain1": 0,
      "beta_chain2": 0
    },
    {
      "code": "002364.SZ",
      "name": "中恒电气",
      "group": "新能源/电力设备",
      "corr_chain1": 0.439,
      "corr_chain2": 0,
      "beta_chain1": 0,
      "beta_chain2": 0
    },
    {
      "code": "002371.SZ",
      "name": "北方华创",
      "group": "半导体设备",
      "corr_chain1": 0.485,
      "corr_chain2": 0,
      "beta_chain1": 0,
      "beta_chain2": 0
    },
    {
      "code": "002380.SZ",
      "name": "科远智慧",
      "group": "软件与IT服务",
      "corr_chain1": -0.247,
      "corr_chain2": 0,
      "beta_chain1": 0,
      "beta_chain2": 0
    },
    {
      "code": "002384.SZ",
      "name": "东山精密",
      "group": "消费电子/元器件",
      "corr_chain1": 0.614,
      "corr_chain2": 0,
      "beta_chain1": 0,
      "beta_chain2": 0
    },
    {
      "code": "002392.SZ",
      "name": "北京利尔",
      "group": "化工/材料",
      "corr_chain1": 0.273,
      "corr_chain2": 0,
      "beta_chain1": 0,
      "beta_chain2": 0
    },
    {
      "code": "002397.SZ",
      "name": "梦洁股份",
      "group": "消费/医药/传媒",
      "corr_chain1": 0.318,
      "corr_chain2": 0,
      "beta_chain1": 0,
      "beta_chain2": 0
    },
    {
      "code": "002407.SZ",
      "name": "多氟多",
      "group": "化工/材料",
      "corr_chain1": 0.229,
      "corr_chain2": 0,
      "beta_chain1": 0,
      "beta_chain2": 0
    },
    {
      "code": "002409.SZ",
      "name": "雅克科技",
      "group": "半导体零部件",
      "corr_chain1": 0.48,
      "corr_chain2": 0,
      "beta_chain1": 0,
      "beta_chain2": 0
    },
    {
      "code": "002418.SZ",
      "name": "康盛股份",
      "group": "消费/医药/传媒",
      "corr_chain1": 0.686,
      "corr_chain2": 0,
      "beta_chain1": 0,
      "beta_chain2": 0
    },
    {
      "code": "002428.SZ",
      "name": "云南锗业",
      "group": "化工/材料",
      "corr_chain1": 0.5,
      "corr_chain2": 0,
      "beta_chain1": 0,
      "beta_chain2": 0
    },
    {
      "code": "002429.SZ",
      "name": "兆驰股份",
      "group": "消费电子/元器件",
      "corr_chain1": 0.643,
      "corr_chain2": 0,
      "beta_chain1": 0,
      "beta_chain2": 0
    },
    {
      "code": "002436.SZ",
      "name": "兴森科技",
      "group": "消费电子/元器件",
      "corr_chain1": 0.339,
      "corr_chain2": 0,
      "beta_chain1": 0,
      "beta_chain2": 0
    },
    {
      "code": "002443.SZ",
      "name": "金洲管道",
      "group": "化工/材料",
      "corr_chain1": 0.058,
      "corr_chain2": 0,
      "beta_chain1": 0,
      "beta_chain2": 0
    },
    {
      "code": "002463.SZ",
      "name": "沪电股份",
      "group": "消费电子/元器件",
      "corr_chain1": 0.192,
      "corr_chain2": 0,
      "beta_chain1": 0,
      "beta_chain2": 0
    },
    {
      "code": "002466.SZ",
      "name": "天齐锂业",
      "group": "化工/材料",
      "corr_chain1": 0.51,
      "corr_chain2": 0,
      "beta_chain1": 0,
      "beta_chain2": 0
    },
    {
      "code": "002475.SZ",
      "name": "立讯精密",
      "group": "消费电子/元器件",
      "corr_chain1": 0.555,
      "corr_chain2": 0,
      "beta_chain1": 0,
      "beta_chain2": 0
    },
    {
      "code": "002484.SZ",
      "name": "江海股份",
      "group": "消费电子/元器件",
      "corr_chain1": 0.635,
      "corr_chain2": 0,
      "beta_chain1": 0,
      "beta_chain2": 0
    },
    {
      "code": "002491.SZ",
      "name": "通鼎互联",
      "group": "通信/6G",
      "corr_chain1": 0.588,
      "corr_chain2": 0,
      "beta_chain1": 0,
      "beta_chain2": 0
    },
    {
      "code": "002497.SZ",
      "name": "雅化集团",
      "group": "化工/材料",
      "corr_chain1": 0.386,
      "corr_chain2": 0,
      "beta_chain1": 0,
      "beta_chain2": 0
    },
    {
      "code": "002498.SZ",
      "name": "汉缆股份",
      "group": "新能源/电力设备",
      "corr_chain1": 0.372,
      "corr_chain2": 0,
      "beta_chain1": 0,
      "beta_chain2": 0
    },
    {
      "code": "002512.SZ",
      "name": "ST达华",
      "group": "消费电子/元器件",
      "corr_chain1": 0.462,
      "corr_chain2": 0,
      "beta_chain1": 0,
      "beta_chain2": 0
    },
    {
      "code": "002515.SZ",
      "name": "金字火腿",
      "group": "消费/医药/传媒",
      "corr_chain1": 0.405,
      "corr_chain2": 0,
      "beta_chain1": 0,
      "beta_chain2": 0
    },
    {
      "code": "002536.SZ",
      "name": "飞龙股份",
      "group": "汽车零部件",
      "corr_chain1": 0.578,
      "corr_chain2": 0,
      "beta_chain1": 0,
      "beta_chain2": 0
    },
    {
      "code": "002552.SZ",
      "name": "宝鼎科技",
      "group": "消费电子/元器件",
      "corr_chain1": 0.393,
      "corr_chain2": 0,
      "beta_chain1": 0,
      "beta_chain2": 0
    },
    {
      "code": "002565.SZ",
      "name": "顺灏股份",
      "group": "消费/医药/传媒",
      "corr_chain1": 0.485,
      "corr_chain2": 0,
      "beta_chain1": 0,
      "beta_chain2": 0
    },
    {
      "code": "002569.SZ",
      "name": "*ST步森",
      "group": "消费/医药/传媒",
      "corr_chain1": 0.248,
      "corr_chain2": 0,
      "beta_chain1": 0,
      "beta_chain2": 0
    },
    {
      "code": "002580.SZ",
      "name": "圣阳股份",
      "group": "新能源/电力设备",
      "corr_chain1": 0.07,
      "corr_chain2": 0,
      "beta_chain1": 0,
      "beta_chain2": 0
    },
    {
      "code": "002591.SZ",
      "name": "恒大高新",
      "group": "其他",
      "corr_chain1": 0.459,
      "corr_chain2": 0,
      "beta_chain1": 0,
      "beta_chain2": 0
    },
    {
      "code": "002606.SZ",
      "name": "大连电瓷",
      "group": "新能源/电力设备",
      "corr_chain1": 0.362,
      "corr_chain2": 0,
      "beta_chain1": 0,
      "beta_chain2": 0
    },
    {
      "code": "002631.SZ",
      "name": "德尔未来",
      "group": "消费/医药/传媒",
      "corr_chain1": 0.526,
      "corr_chain2": 0,
      "beta_chain1": 0,
      "beta_chain2": 0
    },
    {
      "code": "002636.SZ",
      "name": "金安国纪",
      "group": "消费电子/元器件",
      "corr_chain1": 0.493,
      "corr_chain2": 0,
      "beta_chain1": 0,
      "beta_chain2": 0
    },
    {
      "code": "002640.SZ",
      "name": "跨境通",
      "group": "消费/医药/传媒",
      "corr_chain1": 0.557,
      "corr_chain2": 0,
      "beta_chain1": 0,
      "beta_chain2": 0
    },
    {
      "code": "002645.SZ",
      "name": "华宏科技",
      "group": "工业设备/通用机械",
      "corr_chain1": 0.707,
      "corr_chain2": 0,
      "beta_chain1": 0,
      "beta_chain2": 0
    },
    {
      "code": "002647.SZ",
      "name": "仁东控股",
      "group": "金融/综合",
      "corr_chain1": 0.305,
      "corr_chain2": 0,
      "beta_chain1": 0,
      "beta_chain2": 0
    },
    {
      "code": "002652.SZ",
      "name": "扬子新材",
      "group": "化工/材料",
      "corr_chain1": 0.386,
      "corr_chain2": 0,
      "beta_chain1": 0,
      "beta_chain2": 0
    },
    {
      "code": "002655.SZ",
      "name": "共达电声",
      "group": "消费电子/元器件",
      "corr_chain1": -0.304,
      "corr_chain2": 0,
      "beta_chain1": 0,
      "beta_chain2": 0
    },
    {
      "code": "002693.SZ",
      "name": "*ST双成",
      "group": "消费/医药/传媒",
      "corr_chain1": -0.164,
      "corr_chain2": 0,
      "beta_chain1": 0,
      "beta_chain2": 0
    },
    {
      "code": "002708.SZ",
      "name": "光洋股份",
      "group": "汽车零部件",
      "corr_chain1": 0.462,
      "corr_chain2": 0,
      "beta_chain1": 0,
      "beta_chain2": 0
    },
    {
      "code": "002709.SZ",
      "name": "天赐材料",
      "group": "化工/材料",
      "corr_chain1": 0.332,
      "corr_chain2": 0,
      "beta_chain1": 0,
      "beta_chain2": 0
    },
    {
      "code": "002741.SZ",
      "name": "光华科技",
      "group": "化工/材料",
      "corr_chain1": 0.412,
      "corr_chain2": 0,
      "beta_chain1": 0,
