{
  "generated": "2026-05-11T17:30:10.432951",
  "chain_correlation": 0.912,
  "group_matrix_20d": {
    "groups": [
      "AI算力",
      "AI芯片",
      "光刻胶概念",
      "光电器件",
      "功率半导体",
      "半导体材料",
      "半导体设备",
      "数字芯片",
      "数字设计",
      "晶圆制造",
      "材料",
      "模拟设计",
      "设备",
      "🤖传感感知",
      "🤖控制与计算",
      "🤖整机本体",
      "🤖电机驱动",
      "🤖精密传动",
      "🤖结构件"
    ],
    "dates": [
      "20260409",
      "20260410",
      "20260413",
      "20260414",
      "20260415",
      "20260416",
      "20260417",
      "20260420",
      "20260421",
      "20260422",
      "20260423",
      "20260424",
      "20260427",
      "20260428",
      "20260429",
      "20260430",
      "20260506",
      "20260507",
      "20260508",
      "20260511"
    ],
    "window_days": 20,
    "matrix": [
      [
        1.0,
        0.475,
        0.713,
        0.564,
        0.503,
        0.442,
        0.834,
        0.76,
        0.187,
        0.502,
        0.753,
        0.67,
        0.602,
        0.664,
        0.362,
        0.441,
        0.381,
        0.228,
        0.5
      ],
      [
        0.475,
        1.0,
        0.251,
        0.121,
        0.349,
        0.429,
        0.429,
        0.461,
        -0.048,
        0.635,
        0.351,
        0.324,
        0.331,
        0.253,
        -0.073,
        0.116,
        0.104,
        -0.093,
        0.14
      ],
      [
        0.713,
        0.251,
        1.0,
        0.442,
        0.57,
        0.336,
        0.709,
        0.713,
        0.476,
        0.537,
        0.824,
        0.722,
        0.605,
        0.479,
        0.324,
        0.376,
        0.262,
        0.162,
        0.35
      ],
      [
        0.564,
        0.121,
        0.442,
        1.0,
        0.602,
        0.206,
        0.653,
        0.707,
        0.201,
        0.351,
        0.659,
        0.535,
        0.685,
        0.768,
        0.644,
        0.637,
        0.716,
        0.604,
        0.706
      ],
      [
        0.503,
        0.349,
        0.57,
        0.602,
        1.0,
        0.496,
        0.744,
        0.81,
        -0.045,
        0.789,
        0.709,
        0.791,
        0.857,
        0.638,
        0.493,
        0.554,
        0.523,
        0.413,
        0.526
      ],
      [
        0.442,
        0.429,
        0.336,
        0.206,
        0.496,
        1.0,
        0.531,
        0.567,
        0.282,
        0.731,
        0.504,
        0.525,
        0.469,
        0.345,
        0.329,
        0.264,
        0.21,
        0.021,
        0.262
      ],
      [
        0.834,
        0.429,
        0.709,
        0.653,
        0.744,
        0.531,
        1.0,
        0.889,
        0.243,
        0.671,
        0.782,
        0.873,
        0.8,
        0.826,
        0.556,
        0.636,
        0.6,
        0.481,
        0.699
      ],
      [
        0.76,
        0.461,
        0.713,
        0.707,
        0.81,
        0.567,
        0.889,
        1.0,
        0.21,
        0.766,
        0.853,
        0.815,
        0.88,
        0.802,
        0.67,
        0.636,
        0.584,
        0.458,
        0.644
      ],
      [
        0.187,
        -0.048,
        0.476,
        0.201,
        -0.045,
        0.282,
        0.243,
        0.21,
        1.0,
        0.143,
        0.371,
        0.223,
        0.139,
        0.249,
        0.16,
        0.076,
        0.128,
        0.065,
        0.193
      ],
      [
        0.502,
        0.635,
        0.537,
        0.351,
        0.789,
        0.731,
        0.671,
        0.766,
        0.143,
        1.0,
        0.648,
        0.63,
        0.654,
        0.563,
        0.325,
        0.561,
        0.399,
        0.189,
        0.459
      ],
      [
        0.753,
        0.351,
        0.824,
        0.659,
        0.709,
        0.504,
        0.782,
        0.853,
        0.371,
        0.648,
        1.0,
        0.823,
        0.781,
        0.677,
        0.507,
        0.429,
        0.367,
        0.356,
        0.507
      ],
      [
        0.67,
        0.324,
        0.722,
        0.535,
        0.791,
        0.525,
        0.873,
        0.815,
        0.223,
        0.63,
        0.823,
        1.0,
        0.837,
        0.69,
        0.521,
        0.358,
        0.378,
        0.418,
        0.538
      ],
      [
        0.602,
        0.331,
        0.605,
        0.685,
        0.857,
        0.469,
        0.8,
        0.88,
        0.139,
        0.654,
        0.781,
        0.837,
        1.0,
        0.786,
        0.63,
        0.502,
        0.587,
        0.616,
        0.649
      ],
      [
        0.664,
        0.253,
        0.479,
        0.768,
        0.638,
        0.345,
        0.826,
        0.802,
        0.249,
        0.563,
        0.677,
        0.69,
        0.786,
        1.0,
        0.658,
        0.731,
        0.818,
        0.742,
        0.86
      ],
      [
        0.362,
        -0.073,
        0.324,
        0.644,
        0.493,
        0.329,
        0.556,
        0.67,
        0.16,
        0.325,
        0.507,
        0.521,
        0.63,
        0.658,
        1.0,
        0.654,
        0.645,
        0.749,
        0.7
      ],
      [
        0.441,
        0.116,
        0.376,
        0.637,
        0.554,
        0.264,
        0.636,
        0.636,
        0.076,
        0.561,
        0.429,
        0.358,
        0.502,
        0.731,
        0.654,
        1.0,
        0.807,
        0.624,
        0.791
      ],
      [
        0.381,
        0.104,
        0.262,
        0.716,
        0.523,
        0.21,
        0.6,
        0.584,
        0.128,
        0.399,
        0.367,
        0.378,
        0.587,
        0.818,
        0.645,
        0.807,
        1.0,
        0.764,
        0.839
      ],
      [
        0.228,
        -0.093,
        0.162,
        0.604,
        0.413,
        0.021,
        0.481,
        0.458,
        0.065,
        0.189,
        0.356,
        0.418,
        0.616,
        0.742,
        0.749,
        0.624,
        0.764,
        1.0,
        0.803
      ],
      [
        0.5,
        0.14,
        0.35,
        0.706,
        0.526,
        0.262,
        0.699,
        0.644,
        0.193,
        0.459,
        0.507,
        0.538,
        0.649,
        0.86,
        0.7,
        0.791,
        0.839,
        0.803,
        1.0
      ]
    ],
    "top_pairs": [
      {
        "pair": "半导体设备 ↔ 数字芯片",
        "correlation": 0.889
      },
      {
        "pair": "数字芯片 ↔ 设备",
        "correlation": 0.88
      },
      {
        "pair": "半导体设备 ↔ 模拟设计",
        "correlation": 0.873
      },
      {
        "pair": "🤖传感感知 ↔ 🤖结构件",
        "correlation": 0.86
      },
      {
        "pair": "功率半导体 ↔ 设备",
        "correlation": 0.857
      },
      {
        "pair": "数字芯片 ↔ 材料",
        "correlation": 0.853
      },
      {
        "pair": "🤖电机驱动 ↔ 🤖结构件",
        "correlation": 0.839
      },
      {
        "pair": "模拟设计 ↔ 设备",
        "correlation": 0.837
      },
      {
        "pair": "AI算力 ↔ 半导体设备",
        "correlation": 0.834
      },
      {
        "pair": "半导体设备 ↔ 🤖传感感知",
        "correlation": 0.826
      }
    ]
  },
  "group_matrix_60d": {
    "groups": [
      "AI算力",
      "AI芯片",
      "光刻胶概念",
      "光电器件",
      "功率半导体",
      "半导体材料",
      "半导体设备",
      "数字芯片",
      "数字设计",
      "晶圆制造",
      "材料",
      "模拟设计",
      "设备",
      "🤖传感感知",
      "🤖控制与计算",
      "🤖整机本体",
      "🤖电机驱动",
      "🤖精密传动",
      "🤖结构件"
    ],
    "dates": [
      "20260409",
      "20260410",
      "20260413",
      "20260414",
      "20260415",
      "20260416",
      "20260417",
      "20260420",
      "20260421",
      "20260422",
      "20260423",
      "20260424",
      "20260427",
      "20260428",
      "20260429",
      "20260430",
      "20260506",
      "20260507",
      "20260508",
      "20260511"
    ],
    "window_days": 60,
    "matrix": [
      [
        1.0,
        0.627,
        0.796,
        0.693,
        0.744,
        0.681,
        0.817,
        0.867,
        0.511,
        0.748,
        0.838,
        0.812,
        0.81,
        0.819,
        0.549,
        0.605,
        0.614,
        0.532,
        0.674
      ],
      [
        0.627,
        1.0,
        0.567,
        0.415,
        0.633,
        0.546,
        0.515,
        0.658,
        0.292,
        0.649,
        0.596,
        0.584,
        0.568,
        0.541,
        0.264,
        0.395,
        0.381,
        0.229,
        0.387
      ],
      [
        0.796,
        0.567,
        1.0,
        0.741,
        0.817,
        0.763,
        0.765,
        0.89,
        0.643,
        0.773,
        0.918,
        0.866,
        0.828,
        0.795,
        0.571,
        0.629,
        0.628,
        0.506,
        0.65
      ],
      [
        0.693,
        0.415,
        0.741,
        1.0,
        0.742,
        0.611,
        0.712,
        0.804,
        0.469,
        0.674,
        0.805,
        0.719,
        0.808,
        0.83,
        0.65,
        0.668,
        0.735,
        0.617,
        0.713
      ],
      [
        0.744,
        0.633,
        0.817,
        0.742,
        1.0,
        0.657,
        0.769,
        0.887,
        0.416,
        0.816,
        0.81,
        0.862,
        0.874,
        0.802,
        0.566,
        0.66,
        0.652,
        0.536,
        0.6
      ],
      [
        0.681,
        0.546,
        0.763,
        0.611,
        0.657,
        1.0,
        0.686,
        0.802,
        0.561,
        0.812,
        0.783,
        0.77,
        0.732,
        0.7,
        0.567,
        0.569,
        0.615,
        0.516,
        0.677
      ],
      [
        0.817,
        0.515,
        0.765,
        0.712,
        0.769,
        0.686,
        1.0,
        0.884,
        0.532,
        0.794,
        0.829,
        0.854,
        0.764,
        0.834,
        0.631,
        0.668,
        0.675,
        0.629,
        0.726
      ],
      [
        0.867,
        0.658,
        0.89,
        0.804,
        0.887,
        0.802,
        0.884,
        1.0,
        0.571,
        0.883,
        0.93,
        0.914,
        0.9,
        0.901,
        0.717,
        0.75,
        0.755,
        0.649,
        0.76
      ],
      [
        0.511,
        0.292,
        0.643,
        0.469,
        0.416,
        0.561,
        0.532,
        0.571,
        1.0,
        0.491,
        0.622,
        0.55,
        0.478,
        0.547,
        0.428,
        0.389,
        0.431,
        0.38,
        0.478
      ],
      [
        0.748,
        0.649,
        0.773,
        0.674,
        0.816,
        0.812,
        0.794,
        0.883,
        0.491,
        1.0,
        0.817,
        0.793,
        0.814,
        0.78,
        0.561,
        0.739,
        0.656,
        0.568,
        0.687
      ],
      [
        0.838,
        0.596,
        0.918,
        0.805,
        0.81,
        0.783,
        0.829,
        0.93,
        0.622,
        0.817,
        1.0,
        0.915,
        0.871,
        0.867,
        0.671,
        0.652,
        0.661,
        0.607,
        0.714
      ],
      [
        0.812,
        0.584,
        0.866,
        0.719,
        0.862,
        0.77,
        0.854,
        0.914,
        0.55,
        0.793,
        0.915,
        1.0,
        0.889,
        0.862,
        0.652,
        0.622,
        0.66,
        0.644,
        0.722
      ],
      [
        0.81,
        0.568,
        0.828,
        0.808,
        0.874,
        0.732,
        0.764,
        0.9,
        0.478,
        0.814,
        0.871,
        0.889,
        1.0,
        0.886,
        0.644,
        0.666,
        0.721,
        0.704,
        0.752
      ],
      [
        0.819,
        0.541,
        0.795,
        0.83,
        0.802,
        0.7,
        0.834,
        0.901,
        0.547,
        0.78,
        0.867,
        0.862,
        0.886,
        1.0,
        0.751,
        0.786,
        0.868,
        0.791,
        0.865
      ],
      [
        0.549,
        0.264,
        0.571,
        0.65,
        0.566,
        0.567,
        0.631,
        0.717,
        0.428,
        0.561,
        0.671,
        0.652,
        0.644,
        0.751,
        1.0,
        0.765,
        0.76,
        0.788,
        0.762
      ],
      [
        0.605,
        0.395,
        0.629,
        0.668,
        0.66,
        0.569,
        0.668,
        0.75,
        0.389,
        0.739,
        0.652,
        0.622,
        0.666,
        0.786,
        0.765,
        1.0,
        0.848,
        0.736,
        0.807
      ],
      [
        0.614,
        0.381,
        0.628,
        0.735,
        0.652,
        0.615,
        0.675,
        0.755,
        0.431,
        0.656,
        0.661,
        0.66,
        0.721,
        0.868,
        0.76,
        0.848,
        1.0,
        0.83,
        0.886
      ],
      [
        0.532,
        0.229,
        0.506,
        0.617,
        0.536,
        0.516,
        0.629,
        0.649,
        0.38,
        0.568,
        0.607,
        0.644,
        0.704,
        0.791,
        0.788,
        0.736,
        0.83,
        1.0,
        0.881
      ],
      [
        0.674,
        0.387,
        0.65,
        0.713,
        0.6,
        0.677,
        0.726,
        0.76,
        0.478,
        0.687,
        0.714,
        0.722,
        0.752,
        0.865,
        0.762,
        0.807,
        0.886,
        0.881,
        1.0
      ]
    ],
    "top_pairs": [
      {
        "pair": "数字芯片 ↔ 材料",
        "correlation": 0.93
      },
      {
        "pair": "光刻胶概念 ↔ 材料",
        "correlation": 0.918
      },
      {
        "pair": "材料 ↔ 模拟设计",
        "correlation": 0.915
      },
      {
        "pair": "数字芯片 ↔ 模拟设计",
        "correlation": 0.914
      },
      {
        "pair": "数字芯片 ↔ 🤖传感感知",
        "correlation": 0.901
      },
      {
        "pair": "数字芯片 ↔ 设备",
        "correlation": 0.9
      },
      {
        "pair": "光刻胶概念 ↔ 数字芯片",
        "correlation": 0.89
      },
      {
        "pair": "模拟设计 ↔ 设备",
        "correlation": 0.889
      },
      {
        "pair": "功率半导体 ↔ 数字芯片",
        "correlation": 0.887
      },
      {
        "pair": "设备 ↔ 🤖传感感知",
        "correlation": 0.886
      }
    ]
  },
  "stock_chain_corr": [
    {
      "code": "000969.SZ",
      "name": "安泰科技",
      "group": "光刻胶概念",
      "corr_chain1": 0.064,
      "corr_chain2": 0.387,
      "beta_chain1": 0.04,
      "beta_chain2": 0.35
    },
    {
      "code": "001309.SZ",
      "name": "德明利",
      "group": "数字芯片",
      "corr_chain1": 0.33,
      "corr_chain2": 0.566,
      "beta_chain1": 0.52,
      "beta_chain2": 1.22
    },
    {
      "code": "002008.SZ",
      "name": "大族激光",
      "group": "光刻胶概念",
      "corr_chain1": -0.176,
      "corr_chain2": -0.062,
      "beta_chain1": -0.3,
      "beta_chain2": -0.14
    },
    {
      "code": "002049.SZ",
      "name": "紫光国微",
      "group": "数字芯片",
      "corr_chain1": 0.497,
      "corr_chain2": 0.671,
      "beta_chain1": 0.46,
      "beta_chain2": 0.85
    },
    {
      "code": "002050.SZ",
      "name": "三花智控",
      "group": "🤖结构件",
      "corr_chain1": 0.441,
      "corr_chain2": 0.592,
      "beta_chain1": 0.39,
      "beta_chain2": 0.72
    },
    {
      "code": "002077.SZ",
      "name": "大港股份",
      "group": "数字设计",
      "corr_chain1": 0.61,
      "corr_chain2": 0.785,
      "beta_chain1": 0.53,
      "beta_chain2": 0.93
    },
    {
      "code": "002119.SZ",
      "name": "康强电子",
      "group": "材料",
      "corr_chain1": 0.649,
      "corr_chain2": 0.859,
      "beta_chain1": 0.64,
      "beta_chain2": 1.16
    },
    {
      "code": "002156.SZ",
      "name": "通富微电",
      "group": "数字设计",
      "corr_chain1": 0.783,
      "corr_chain2": 0.881,
      "beta_chain1": 1.22,
      "beta_chain2": 1.87
    },
    {
      "code": "002185.SZ",
      "name": "华天科技",
      "group": "数字设计",
      "corr_chain1": 0.753,
      "corr_chain2": 0.93,
      "beta_chain1": 0.77,
      "beta_chain2": 1.29
    },
    {
      "code": "002213.SZ",
      "name": "大为股份",
      "group": "数字芯片",
      "corr_chain1": 0.288,
      "corr_chain2": 0.529,
      "beta_chain1": 0.38,
      "beta_chain2": 0.94
    },
    {
      "code": "002324.SZ",
      "name": "普利特",
      "group": "光刻胶概念",
      "corr_chain1": -0.274,
      "corr_chain2": -0.066,
      "beta_chain1": -0.34,
      "beta_chain2": -0.11
    },
    {
      "code": "002326.SZ",
      "name": "永太科技",
      "group": "光刻胶概念",
      "corr_chain1": 0.522,
      "corr_chain2": 0.455,
      "beta_chain1": 0.71,
      "beta_chain2": 0.85
    },
    {
      "code": "002338.SZ",
      "name": "奥普光电",
      "group": "光刻胶概念",
      "corr_chain1": -0.063,
      "corr_chain2": -0.002,
      "beta_chain1": -0.08,
      "beta_chain2": -0.0
    },
    {
      "code": "002371.SZ",
      "name": "北方华创",
      "group": "模拟设计",
      "corr_chain1": 0.61,
      "corr_chain2": 0.708,
      "beta_chain1": 0.85,
      "beta_chain2": 1.35
    },
    {
      "code": "002409.SZ",
      "name": "雅克科技",
      "group": "材料",
      "corr_chain1": 0.677,
      "corr_chain2": 0.793,
      "beta_chain1": 0.85,
      "beta_chain2": 1.37
    },
    {
      "code": "002449.SZ",
      "name": "国星光电",
      "group": "光电器件",
      "corr_chain1": 0.488,
      "corr_chain2": 0.775,
      "beta_chain1": 0.32,
      "beta_chain2": 0.69
    },
    {
      "code": "002472.SZ",
      "name": "双环传动",
      "group": "🤖精密传动",
      "corr_chain1": 0.052,
      "corr_chain2": 0.397,
      "beta_chain1": 0.05,
      "beta_chain2": 0.48
    },
    {
      "code": "002527.SZ",
      "name": "新时达",
      "group": "🤖整机本体",
      "corr_chain1": 0.335,
      "corr_chain2": 0.639,
      "beta_chain1": 0.3,
      "beta_chain2": 0.79
    },
    {
      "code": "002600.SZ",
      "name": "领益智造",
      "group": "🤖结构件",
      "corr_chain1": 0.187,
      "corr_chain2": 0.579,
      "beta_chain1": 0.17,
      "beta_chain2": 0.71
    },
    {
      "code": "002643.SZ",
      "name": "万润股份",
      "group": "光刻胶概念",
      "corr_chain1": 0.671,
      "corr_chain2": 0.811,
      "beta_chain1": 0.36,
      "beta_chain2": 0.59
    },
    {
      "code": "002741.SZ",
      "name": "光华科技",
      "group": "光刻胶概念",
      "corr_chain1": 0.41,
      "corr_chain2": 0.508,
      "beta_chain1": 0.45,
      "beta_chain2": 0.76
    },
    {
      "code": "002747.SZ",
      "name": "埃斯顿",
      "group": "🤖控制与计算",
      "corr_chain1": 0.444,
      "corr_chain2": 0.68,
      "beta_chain1": 0.38,
      "beta_chain2": 0.79
    },
    {
      "code": "002896.SZ",
      "name": "中大力德",
      "group": "🤖精密传动",
      "corr_chain1": 0.373,
      "corr_chain2": 0.5,
      "beta_chain1": 0.29,
      "beta_chain2": 0.54
    },
    {
      "code": "002916.SZ",
      "name": "深南电路",
      "group": "AI算力",
      "corr_chain1": 0.478,
      "corr_chain2": 0.59,
      "beta_chain1": 0.41,
      "beta_chain2": 0.69
    },
    {
      "code": "002979.SZ",
      "name": "雷赛智能",
      "group": "🤖控制与计算",
      "corr_chain1": 0.166,
      "corr_chain2": 0.406,
      "beta_chain1": 0.21,
      "beta_chain2": 0.71
    },
    {
      "code": "003021.SZ",
      "name": "兆威机电",
      "group": "🤖电机驱动",
      "corr_chain1": 0.491,
      "corr_chain2": 0.693,
      "beta_chain1": 0.55,
      "beta_chain2": 1.05
    },
    {
      "code": "003026.SZ",
      "name": "中晶科技",
      "group": "材料",
      "corr_chain1": 0.116,
      "corr_chain2": -0.039,
      "beta_chain1": 0.18,
      "beta_chain2": -0.08
    },
    {
      "code": "003043.SZ",
      "name": "华亚智能",
      "group": "模拟设计",
      "corr_chain1": 0.635,
      "corr_chain2": 0.691,
      "beta_chain1": 0.45,
      "beta_chain2": 0.67
    },
    {
      "code": "300024.SZ",
      "name": "机器人",
      "group": "🤖整机本体",
      "corr_chain1": 0.192,
      "corr_chain2": 0.511,
      "beta_chain1": 0.14,
      "beta_chain2": 0.51
    },
    {
      "code": "300031.SZ",
      "name": "宝通科技",
      "group": "光刻胶概念",
      "corr_chain1": 0.132,
      "corr_chain2": 0.338,
      "beta_chain1": 0.13,
      "beta_chain2": 0.46
    },
    {
      "code": "300046.SZ",
      "name": "台基股份",
      "group": "设备",
      "corr_chain1": 0.663,
      "corr_chain2": 0.881,
      "beta_chain1": 0.44,
      "beta_chain2": 0.8
    },
    {
      "code": "300053.SZ",
      "name": "航宇微",
      "group": "数字芯片",
      "corr_chain1": 0.457,
      "corr_chain2": 0.662,
      "beta_chain1": 0.66,
      "beta_chain2": 1.3
    },
    {
      "code": "300077.SZ",
      "name": "国民技术",
      "group": "数字芯片",
      "corr_chain1": 0.076,
      "corr_chain2": 0.276,
      "beta_chain1": 0.09,
      "beta_chain2": 0.46
    },
    {
      "code": "300102.SZ",
      "name": "乾照光电",
      "group": "光电器件",
      "corr_chain1": -0.167,
      "corr_chain2": 0.138,
      "beta_chain1": -0.25,
      "beta_chain2": 0.28
    },
    {
      "code": "300115.SZ",
      "name": "长盈精密",
      "group": "🤖结构件",
      "corr_chain1": 0.449,
      "corr_chain2": 0.698,
      "beta_chain1": 0.44,
      "beta_chain2": 0.94
    },
    {
      "code": "300124.SZ",
      "name": "汇川技术",
      "group": "🤖电机驱动",
      "corr_chain1": 0.377,
      "corr_chain2": 0.596,
      "beta_chain1": 0.56,
      "beta_chain2": 1.21
    },
    {
      "code": "300161.SZ",
      "name": "华中数控",
      "group": "🤖电机驱动",
      "corr_chain1": 0.154,
      "corr_chain2": 0.268,
      "beta_chain1": 0.3,
      "beta_chain2": 0.71
    },
    {
      "code": "300200.SZ",
      "name": "高盟新材",
      "group": "光刻胶概念",
      "corr_chain1": 0.297,
      "corr_chain2": 0.021,
      "beta_chain1": 0.22,
      "beta_chain2": 0.02
    },
    {
      "code": "300223.SZ",
      "name": "北京君正",
      "group": "数字芯片",
      "corr_chain1": 0.419,
      "corr_chain2": 0.636,
      "beta_chain1": 0.6,
      "beta_chain2": 1.25
    },
    {
      "code": "300225.SZ",
      "name": "*ST金泰",
      "group": "光刻胶概念",
      "corr_chain1": 0.356,
      "corr_chain2": 0.107,
      "beta_chain1": 0.41,
      "beta_chain2": 0.17
    },
    {
      "code": "300236.SZ",
      "name": "上海新阳",
      "group": "光刻胶概念",
      "corr_chain1": 0.249,
      "corr_chain2": 0.228,
      "beta_chain1": 0.23,
      "beta_chain2": 0.29
    },
    {
      "code": "300241.SZ",
      "name": "瑞丰光电",
      "group": "光电器件",
      "corr_chain1": 0.316,
      "corr_chain2": 0.6,
      "beta_chain1": 0.31,
      "beta_chain2": 0.81
    },
    {
      "code": "300293.SZ",
      "name": "蓝英装备",
      "group": "光刻胶概念",
      "corr_chain1": 0.145,
      "corr_chain2": 0.167,
      "beta_chain1": 0.1,
      "beta_chain2": 0.16
    },
    {
      "code": "300303.SZ",
      "name": "聚飞光电",
      "group": "光电器件",
      "corr_chain1": 0.133,
      "corr_chain2": 0.492,
      "beta_chain1": 0.21,
      "beta_chain2": 1.07
    },
    {
      "code": "300308.SZ",
      "name": "中际旭创",
      "group": "AI算力",
      "corr_chain1": 0.282,
      "corr_chain2": 0.383,
      "beta_chain1": 0.27,
      "beta_chain2": 0.49
    },
    {
      "code": "300323.SZ",
      "name": "华灿光电",
      "group": "光电器件",
      "corr_chain1": 0.523,
      "corr_chain2": 0.752,
      "beta_chain1": 0.64,
      "beta_chain2": 1.26
    },
    {
      "code": "300327.SZ",
      "name": "中颖电子",
      "group": "数字芯片",
      "corr_chain1": 0.706,
      "corr_chain2": 0.745,
      "beta_chain1": 0.34,
      "beta_chain2": 0.48
    },
    {
      "code": "300331.SZ",
      "name": "苏大维格",
      "group": "光刻胶概念",
      "corr_chain1": 0.018,
      "corr_chain2": 0.012,
      "beta_chain1": 0.02,
      "beta_chain2": 0.02
    },
    {
      "code": "300346.SZ",
      "name": "南大光电",
      "group": "光刻胶概念",
      "corr_chain1": 0.501,
      "corr_chain2": 0.384,
      "beta_chain1": 0.47,
      "beta_chain2": 0.49
    },
    {
      "code": "300373.SZ",
      "name": "扬杰科技",
      "group": "设备",
      "corr_chain1": 0.186,
      "corr_chain2": 0.257,
      "beta_chain1": 0.14,
      "beta_chain2": 0.27
    },
    {
      "code": "300398.SZ",
      "name": "飞凯材料",
      "group": "光刻胶概念",
      "corr_chain1": 0.175,
      "corr_chain2": 0.335,
      "beta_chain1": 0.3,
      "beta_chain2": 0.77
    },
    {
      "code": "300403.SZ",
      "name": "汉宇集团",
      "group": "🤖电机驱动",
      "corr_chain1": 0.066,
      "corr_chain2": 0.29,
      "beta_chain1": 0.06,
      "beta_chain2": 0.36
    },
    {
      "code": "300421.SZ",
      "name": "力星股份",
      "group": "🤖精密传动",
      "corr_chain1": 0.218,
      "corr_chain2": 0.427,
      "beta_chain1": 0.25,
      "beta_chain2": 0.67
    },
    {
      "code": "300429.SZ",
      "name": "强力新材",
      "group": "光刻胶概念",
      "corr_chain1": 0.412,
      "corr_chain2": 0.679,
      "beta_chain1": 0.19,
      "beta_chain2": 0.44
    },
    {
      "code": "300456.SZ",
      "name": "赛微电子",
      "group": "光刻胶概念",
      "corr_chain1": 0.308,
      "corr_chain2": 0.499,
      "beta_chain1": 0.75,
      "beta_chain2": 1.67
    },
    {
      "code": "300458.SZ",
      "name": "全志科技",
      "group": "数字芯片",
      "corr_chain1": 0.728,
      "corr_chain2": 0.752,
      "beta_chain1": 0.68,
      "beta_chain2": 0.95
    },
    {
      "code": "300502.SZ",
      "name": "新易盛",
      "group": "AI算力",
      "corr_chain1": -0.054,
      "corr_chain2": 0.265,
      "beta_chain1": -0.09,
      "beta_chain2": 0.63
    },
    {
      "code": "300522.SZ",
      "name": "世名科技",
      "group": "光刻胶概念",
      "corr_chain1": 0.15,
      "corr_chain2": 0.463,
      "beta_chain1": 0.07,
      "beta_chain2": 0.31
    },
    {
      "code": "300537.SZ",
      "name": "广信材料",
      "group": "光刻胶概念",
      "corr_chain1": 0.495,
      "corr_chain2": 0.637,
      "beta_chain1": 0.53,
      "beta_chain2": 0.93
    },
    {
      "code": "300538.SZ",
      "name": "同益股份",
      "group": "光刻胶概念",
      "corr_chain1": 0.531,
      "corr_chain2": 0.684,
      "beta_chain1": 0.28,
      "beta_chain2": 0.49
    },
    {
      "code": "300567.SZ",
      "name": "精测电子",
      "group": "🤖传感感知",
      "corr_chain1": 0.692,
      "corr_chain2": 0.736,
      "beta_chain1": 1.15,
      "beta_chain2": 1.67
    },
    {
      "code": "300576.SZ",
      "name": "容大感光",
      "group": "光刻胶概念",
      "corr_chain1": 0.413,
      "corr_chain2": 0.56,
      "beta_chain1": 0.31,
      "beta_chain2": 0.58
    },
    {
      "code": "300604.SZ",
      "name": "长川科技",
      "group": "模拟设计",
      "corr_chain1": 0.478,
      "corr_chain2": 0.523,
      "beta_chain1": 1.07,
      "beta_chain2": 1.6
    },
    {
      "code": "300607.SZ",
      "name": "拓斯达",
      "group": "🤖整机本体",
      "corr_chain1": 0.036,
      "corr_chain2": -0.027,
      "beta_chain1": 0.03,
      "beta_chain2": -0.03
    },
    {
      "code": "300613.SZ",
      "name": "富瀚微",
      "group": "数字芯片",
      "corr_chain1": 0.396,
      "corr_chain2": 0.216,
      "beta_chain1": 0.98,
      "beta_chain2": 0.73
    },
    {
      "code": "300623.SZ",
      "name": "捷捷微电",
      "group": "设备",
      "corr_chain1": 0.649,
      "corr_chain2": 0.729,
      "beta_chain1": 0.45,
      "beta_chain2": 0.68
    },
    {
      "code": "300627.SZ",
      "name": "华测导航",
      "group": "🤖传感感知",
      "corr_chain1": -0.124,
      "corr_chain2": 0.331,
      "beta_chain1": -0.09,
      "beta_chain2": 0.34
    },
    {
      "code": "300632.SZ",
      "name": "光莆股份",
      "group": "光电器件",
      "corr_chain1": 0.278,
      "corr_chain2": 0.25,
      "beta_chain1": 0.78,
      "beta_chain2": 0.96
    },
    {
      "code": "300637.SZ",
      "name": "扬帆新材",
      "group": "光刻胶概念",
      "corr_chain1": 0.276,
      "corr_chain2": 0.259,
      "beta_chain1": 0.19,
      "beta_chain2": 0.24
    },
    {
      "code": "300655.SZ",
      "name": "晶瑞电材",
      "group": "光刻胶概念",
      "corr_chain1": 0.541,
      "corr_chain2": 0.699,
      "beta_chain1": 0.67,
      "beta_chain2": 1.18
    },
    {
      "code": "300661.SZ",
      "name": "圣邦股份",
      "group": "数字芯片",
      "corr_chain1": 0.48,
      "corr_chain2": 0.303,
      "beta_chain1": 0.68,
      "beta_chain2": 0.59
    },
    {
      "code": "300666.SZ",
      "name": "江丰电子",
      "group": "材料",
      "corr_chain1": 0.408,
      "corr_chain2": 0.35,
      "beta_chain1": 0.61,
      "beta_chain2": 0.71
    },
    {
      "code": "300671.SZ",
      "name": "富满微",
      "group": "数字芯片",
      "corr_chain1": -0.176,
      "corr_chain2": -0.065,
      "beta_chain1": -0.25,
      "beta_chain2": -0.13
    },
    {
      "code": "300672.SZ",
      "name": "国科微",
      "group": "数字芯片",
      "corr_chain1": 0.447,
      "corr_chain2": 0.531,
      "beta_chain1": 0.97,
      "beta_chain2": 1.57
    },
    {
      "code": "300706.SZ",
      "name": "阿石创",
      "group": "材料",
      "corr_chain1": 0.355,
      "corr_chain2": 0.401,
      "beta_chain1": 0.52,
      "beta_chain2": 0.8
    },
    {
      "code": "300708.SZ",
      "name": "聚灿光电",
      "group": "光电器件",
      "corr_chain1": 0.213,
      "corr_chain2": 0.65,
      "beta_chain1": 0.21,
      "beta_chain2": 0.89
    },
    {
      "code": "300782.SZ",
      "name": "卓胜微",
      "group": "数字芯片",
      "corr_chain1": 0.499,
      "corr_chain2": 0.748,
      "beta_chain1": 0.66,
      "beta_chain2": 1.34
    },
    {
      "code": "300802.SZ",
      "name": "矩子科技",
      "group": "🤖传感感知",
      "corr_chain1": 0.532,
      "corr_chain2": 0.686,
      "beta_chain1": 0.49,
      "beta_chain2": 0.86
    },
    {
      "code": "300831.SZ",
      "name": "派瑞股份",
      "group": "设备",
      "corr_chain1": 0.507,
      "corr_chain2": 0.515,
      "beta_chain1": 0.77,
      "beta_chain2": 1.07
    },
    {
      "code": "300953.SZ",
      "name": "震裕科技",
      "group": "🤖结构件",
      "corr_chain1": 0.503,
      "corr_chain2": 0.55,
      "beta_chain1": 0.56,
      "beta_chain2": 0.83
    },
    {
      "code": "301095.SZ",
      "name": "广立微",
      "group": "数字芯片",
      "corr_chain1": 0.472,
      "corr_chain2": 0.703,
      "beta_chain1": 0.61,
      "beta_chain2": 1.23
    },
    {
      "code": "301269.SZ",
      "name": "华大九天",
      "group": "数字芯片",
      "corr_chain1": 0.718,
      "corr_chain2": 0.805,
      "beta_chain1": 1.09,
      "beta_chain2": 1.67
    },
    {
      "code": "301297.SZ",
      "name": "富乐德",
      "group": "模拟设计",
      "corr_chain1": 0.038,
      "corr_chain2": 0.177,
      "beta_chain1": 0.07,
      "beta_chain2": 0.43
    },
    {
      "code": "301308.SZ",
      "name": "江波龙",
      "group": "数字芯片",
      "corr_chain1": 0.403,
      "corr_chain2": 0.64,
      "beta_chain1": 1.1,
      "beta_chain2": 2.39
    },
    {
      "code": "301348.SZ",
      "name": "蓝箭电子",
      "group": "数字设计",
      "corr_chain1": 0.587,
      "corr_chain2": 0.786,
      "beta_chain1": 0.47,
      "beta_chain2": 0.87
    },
    {
      "code": "301369.SZ",
      "name": "联动科技",
      "group": "模拟设计",
      "corr_chain1": -0.001,
      "corr_chain2": 0.247,
      "beta_chain1": -0.0,
      "beta_chain2": 0.66
    },
    {
      "code": "301536.SZ",
      "name": "星宸科技",
      "group": "数字芯片",
      "corr_chain1": 0.276,
      "corr_chain2": 0.556,
      "beta_chain1": 0.2,
      "beta_chain2": 0.55
    },
    {
      "code": "301581.SZ",
      "name": "黄山谷捷",
      "group": "数字芯片",
      "corr_chain1": 0.543,
      "corr_chain2": 0.68,
      "beta_chain1": 0.3,
      "beta_chain2": 0.51
    },
    {
      "code": "301611.SZ",
      "name": "珂玛科技",
      "group": "材料",
      "corr_chain1": 0.749,
      "corr_chain2": 0.75,
      "beta_chain1": 1.25,
      "beta_chain2": 1.71
    },
    {
      "code": "301629.SZ",
      "name": "矽电股份",
      "group": "模拟设计",
      "corr_chain1": 0.359,
      "corr_chain2": 0.636,
      "beta_chain1": 0.88,
      "beta_chain2": 2.14
    },
    {
      "code": "301678.SZ",
      "name": "新恒汇",
      "group": "材料",
      "corr_chain1": 0.584,
      "corr_chain2": 0.73,
      "beta_chain1": 0.51,
      "beta_chain2": 0.88
    },
    {
      "code": "600171.SH",
      "name": "上海贝岭",
      "group": "数字芯片",
      "corr_chain1": 0.692,
      "corr_chain2": 0.803,
      "beta_chain1": 0.47,
      "beta_chain2": 0.74
    },
    {
      "code": "600206.SH",
      "name": "有研新材",
      "group": "材料",
      "corr_chain1": 0.464,
      "corr_chain2": 0.676,
      "beta_chain1": 0.57,
      "beta_chain2": 1.14
    },
    {
      "code": "600360.SH",
      "name": "*ST华微",
      "group": "设备",
      "corr_chain1": 0.647,
      "corr_chain2": 0.753,
      "beta_chain1": 0.61,
      "beta_chain2": 0.97
    },
    {
      "code": "600460.SH",
      "name": "士兰微",
      "group": "设备",
      "corr_chain1": 0.847,
      "corr_chain2": 0.837,
      "beta_chain1": 0.65,
      "beta_chain2": 0.88
    },
    {
      "code": "600520.SH",
      "name": "三佳科技",
      "group": "数字芯片",
      "corr_chain1": 0.155,
      "corr_chain2": 0.141,
      "beta_chain1": 0.21,
      "beta_chain2": 0.26
    },
    {
      "code": "600584.SH",
      "name": "长电科技",
      "group": "数字设计",
      "corr_chain1": 0.592,
      "corr_chain2": 0.818,
      "beta_chain1": 0.76,
      "beta_chain2": 1.44
    },
    {
      "code": "600641.SH",
      "name": "先导基电",
      "group": "数字芯片",
      "corr_chain1": 0.054,
      "corr_chain2": 0.138,
      "beta_chain1": 0.06,
      "beta_chain2": 0.21
    },
    {
      "code": "600667.SH",
      "name": "太极实业",
      "group": "数字芯片",
      "corr_chain1": 0.487,
      "corr_chain2": 0.76,
      "beta_chain1": 0.58,
      "beta_chain2": 1.22
    },
    {
      "code": "600703.SH",
      "name": "三安光电",
      "group": "光电器件",
      "corr_chain1": 0.15,
      "corr_chain2": 0.401,
      "beta_chain1": 0.23,
      "beta_chain2": 0.85
    },
    {
      "code": "600745.SH",
      "name": "*ST闻泰",
      "group": "设备",
      "corr_chain1": -0.244,
      "corr_chain2": -0.548,
      "beta_chain1": -0.26,
      "beta_chain2": -0.81
    },
    {
      "code": "600877.SH",
      "name": "电科芯片",
      "group": "数字芯片",
      "corr_chain1": 0.464,
      "corr_chain2": 0.687,
      "beta_chain1": 0.42,
      "beta_chain2": 0.84
    },
    {
      "code": "600895.SH",
      "name": "张江高科",
      "group": "光刻胶概念",
      "corr_chain1": 0.561,
      "corr_chain2": 0.518,
      "beta_chain1": 0.42,
      "beta_chain2": 0.52
    },
    {
      "code": "601100.SH",
      "name": "恒立液压",
      "group": "🤖精密传动",
      "corr_chain1": -0.28,
      "corr_chain2": -0.146,
      "beta_chain1": -0.34,
      "beta_chain2": -0.24
    },
    {
      "code": "601689.SH",
      "name": "拓普集团",
      "group": "🤖结构件",
      "corr_chain1": 0.392,
      "corr_chain2": 0.667,
      "beta_chain1": 0.4,
      "beta_chain2": 0.92
    },
    {
      "code": "603005.SH",
      "name": "晶方科技",
      "group": "光刻胶概念",
      "corr_chain1": 0.657,
      "corr_chain2": 0.785,
      "beta_chain1": 0.45,
      "beta_chain2": 0.73
    },
    {
      "code": "603061.SH",
      "name": "金海通",
      "group": "模拟设计",
      "corr_chain1": 0.392,
      "corr_chain2": 0.32,
      "beta_chain1": 0.52,
      "beta_chain2": 0.58
    },
    {
      "code": "603068.SH",
      "name": "博通集成",
      "group": "数字芯片",
      "corr_chain1": 0.747,
      "corr_chain2": 0.795,
      "beta_chain1": 0.44,
      "beta_chain2": 0.64
    },
    {
      "code": "603078.SH",
      "name": "江化微",
      "group": "光刻胶概念",
      "corr_chain1": 0.638,
      "corr_chain2": 0.619,
      "beta_chain1": 0.77,
      "beta_chain2": 1.02
    },
    {
      "code": "603160.SH",
      "name": "汇顶科技",
      "group": "数字芯片",
      "corr_chain1": 0.1,
      "corr_chain2": 0.487,
      "beta_chain1": 0.1,
      "beta_chain2": 0.68
    },
    {
      "code": "603290.SH",
      "name": "斯达半导",
      "group": "设备",
      "corr_chain1": -0.039,
      "corr_chain2": -0.025,
      "beta_chain1": -0.04,
      "beta_chain2": -0.03
    },
    {
      "code": "603375.SH",
      "name": "盛景微",
      "group": "数字芯片",
      "corr_chain1": 0.504,
      "corr_chain2": 0.453,
      "beta_chain1": 0.54,
      "beta_chain2": 0.66
    },
    {
      "code": "603501.SH",
      "name": "豪威集团",
      "group": "数字芯片",
      "corr_chain1": 0.364,
      "corr_chain2": 0.433,
      "beta_chain1": 0.45,
      "beta_chain2": 0.73
    },
    {
      "code": "603650.SH",
      "name": "彤程新材",
      "group": "光刻胶概念",
      "corr_chain1": 0.45,
      "corr_chain2": 0.593,
      "beta_chain1": 0.32,
      "beta_chain2": 0.57
    },
    {
      "code": "603662.SH",
      "name": "柯力传感",
      "group": "🤖传感感知",
      "corr_chain1": 0.29,
      "corr_chain2": 0.57,
      "beta_chain1": 0.22,
      "beta_chain2": 0.58
    },
    {
      "code": "603690.SH",
      "name": "至纯科技",
      "group": "模拟设计",
      "corr_chain1": 0.576,
      "corr_chain2": 0.732,
      "beta_chain1": 0.5,
      "beta_chain2": 0.87
    },
    {
      "code": "603728.SH",
      "name": "鸣志电器",
      "group": "🤖结构件",
      "corr_chain1": 0.162,
      "corr_chain2": 0.523,
      "beta_chain1": 0.1,
      "beta_chain2": 0.44
    },
    {
      "code": "603893.SH",
      "name": "瑞芯微",
      "group": "数字芯片",
      "corr_chain1": 0.661,
      "corr_chain2": 0.693,
      "beta_chain1": 0.42,
      "beta_chain2": 0.6
    },
    {
      "code": "603931.SH",
      "name": "格林达",
      "group": "光刻胶概念",
      "corr_chain1": -0.175,
      "corr_chain2": -0.102,
      "beta_chain1": -0.29,
      "beta_chain2": -0.23
    },
    {
      "code": "603986.SH",
      "name": "兆易创新",
      "group": "AI算力",
      "corr_chain1": 0.374,
      "corr_chain2": 0.518,
      "beta_chain1": 0.56,
      "beta_chain2": 1.06
    },
    {
      "code": "603991.SH",
      "name": "至正股份",
      "group": "模拟设计",
      "corr_chain1": -0.22,
      "corr_chain2": 0.164,
      "beta_chain1": -0.3,
      "beta_chain2": 0.31
    },
    {
      "code": "605111.SH",
      "name": "新洁能",
      "group": "设备",
      "corr_chain1": 0.362,
      "corr_chain2": 0.58,
      "beta_chain1": 0.32,
      "beta_chain2": 0.7
    },
    {
      "code": "605358.SH",
      "name": "立昂微",
      "group": "材料",
      "corr_chain1": 0.258,
      "corr_chain2": 0.548,
      "beta_chain1": 0.37,
      "beta_chain2": 1.07
    },
    {
      "code": "688008.SH",
      "name": "澜起科技",
      "group": "数字芯片",
      "corr_chain1": 0.619,
      "corr_chain2": 0.779,
      "beta_chain1": 1.44,
      "beta_chain2": 2.48
    },
    {
      "code": "688012.SH",
      "name": "中微公司",
      "group": "模拟设计",
      "corr_chain1": 0.608,
      "corr_chain2": 0.544,
      "beta_chain1": 0.72,
      "beta_chain2": 0.88
    },
    {
      "code": "688017.SH",
      "name": "绿的谐波",
      "group": "🤖精密传动",
      "corr_chain1": 0.087,
      "corr_chain2": 0.381,
      "beta_chain1": 0.15,
      "beta_chain2": 0.9
    },
    {
      "code": "688018.SH",
      "name": "乐鑫科技",
      "group": "数字芯片",
      "corr_chain1": 0.859,
      "corr_chain2": 0.737,
      "beta_chain1": 0.85,
      "beta_chain2": 1.0
    },
    {
      "code": "688019.SH",
      "name": "安集科技",
      "group": "光刻胶概念",
      "corr_chain1": 0.679,
      "corr_chain2": 0.65,
      "beta_chain1": 0.74,
      "beta_chain2": 0.97
    },
    {
      "code": "688035.SH",
      "name": "德邦科技",
      "group": "半导体材料",
      "corr_chain1": 0.149,
      "corr_chain2": 0.246,
      "beta_chain1": 0.14,
      "beta_chain2": 0.32
    },
    {
      "code": "688037.SH",
      "name": "芯源微",
      "group": "光刻胶概念",
      "corr_chain1": 0.65,
      "corr_chain2": 0.684,
      "beta_chain1": 1.57,
      "beta_chain2": 2.26
    },
    {
      "code": "688041.SH",
      "name": "海光信息",
      "group": "AI算力",
      "corr_chain1": 0.688,
      "corr_chain2": 0.633,
      "beta_chain1": 1.51,
      "beta_chain2": 1.89
    },
    {
      "code": "688045.SH",
      "name": "必易微",
      "group": "数字芯片",
      "corr_chain1": 0.697,
      "corr_chain2": 0.579,
