{
  "generated": "2026-05-29T17:30:20.998331",
  "chain_correlation": NaN,
  "group_matrix_20d": {
    "groups": [
      "AI算力",
      "IC设计",
      "低空经济/航空",
      "光通信与光学",
      "其他",
      "化工/材料",
      "半导体材料",
      "半导体设备",
      "半导体零部件",
      "地产/基建",
      "封测与基板",
      "工业设备/通用机械",
      "待分类",
      "新能源/电力设备",
      "机器人/自动化",
      "汽车零部件",
      "消费/医药/传媒",
      "消费电子/元器件",
      "生物医药",
      "电力运营",
      "软件与IT服务",
      "通信/6G",
      "金融/综合"
    ],
    "dates": [
      "20260428",
      "20260429",
      "20260430",
      "20260506",
      "20260507",
      "20260508",
      "20260511",
      "20260512",
      "20260513",
      "20260514",
      "20260515",
      "20260518",
      "20260519",
      "20260520",
      "20260521",
      "20260522",
      "20260525",
      "20260526",
      "20260527",
      "20260528"
    ],
    "window_days": 20,
    "matrix": [
      [
        1.0,
        0.662,
        0.638,
        0.634,
        0.77,
        0.887,
        0.624,
        0.462,
        0.579,
        0.468,
        0.332,
        0.687,
        0.66,
        0.832,
        0.552,
        0.778,
        0.698,
        0.659,
        0.438,
        0.321,
        0.809,
        0.72,
        0.712
      ],
      [
        0.662,
        1.0,
        0.667,
        0.759,
        0.55,
        0.739,
        0.848,
        0.821,
        0.759,
        0.19,
        0.718,
        0.825,
        0.698,
        0.722,
        0.602,
        0.811,
        0.591,
        0.808,
        0.481,
        0.255,
        0.714,
        0.769,
        0.4
      ],
      [
        0.638,
        0.667,
        1.0,
        0.726,
        0.701,
        0.684,
        0.525,
        0.412,
        0.421,
        0.206,
        0.405,
        0.67,
        0.674,
        0.634,
        0.664,
        0.78,
        0.651,
        0.682,
        0.342,
        0.187,
        0.72,
        0.665,
        0.314
      ],
      [
        0.634,
        0.759,
        0.726,
        1.0,
        0.602,
        0.725,
        0.703,
        0.646,
        0.698,
        0.373,
        0.566,
        0.857,
        0.682,
        0.683,
        0.631,
        0.92,
        0.599,
        0.819,
        0.255,
        0.254,
        0.82,
        0.929,
        0.305
      ],
      [
        0.77,
        0.55,
        0.701,
        0.602,
        1.0,
        0.72,
        0.478,
        0.362,
        0.322,
        0.309,
        0.253,
        0.637,
        0.683,
        0.744,
        0.6,
        0.67,
        0.579,
        0.651,
        0.451,
        0.575,
        0.739,
        0.7,
        0.485
      ],
      [
        0.887,
        0.739,
        0.684,
        0.725,
        0.72,
        1.0,
        0.717,
        0.555,
        0.681,
        0.406,
        0.485,
        0.783,
        0.805,
        0.897,
        0.559,
        0.839,
        0.639,
        0.816,
        0.382,
        0.302,
        0.832,
        0.759,
        0.651
      ],
      [
        0.624,
        0.848,
        0.525,
        0.703,
        0.478,
        0.717,
        1.0,
        0.821,
        0.832,
        0.44,
        0.64,
        0.729,
        0.586,
        0.634,
        0.558,
        0.775,
        0.523,
        0.718,
        0.43,
        0.363,
        0.674,
        0.761,
        0.556
      ],
      [
        0.462,
        0.821,
        0.412,
        0.646,
        0.362,
        0.555,
        0.821,
        1.0,
        0.89,
        0.226,
        0.778,
        0.727,
        0.575,
        0.488,
        0.586,
        0.664,
        0.421,
        0.67,
        0.39,
        0.191,
        0.612,
        0.65,
        0.246
      ],
      [
        0.579,
        0.759,
        0.421,
        0.698,
        0.322,
        0.681,
        0.832,
        0.89,
        1.0,
        0.404,
        0.707,
        0.788,
        0.539,
        0.528,
        0.593,
        0.736,
        0.438,
        0.644,
        0.179,
        0.125,
        0.702,
        0.671,
        0.304
      ],
      [
        0.468,
        0.19,
        0.206,
        0.373,
        0.309,
        0.406,
        0.44,
        0.226,
        0.404,
        1.0,
        0.072,
        0.427,
        0.29,
        0.29,
        0.495,
        0.561,
        0.452,
        0.125,
        0.321,
        0.071,
        0.458,
        0.301,
        0.427
      ],
      [
        0.332,
        0.718,
        0.405,
        0.566,
        0.253,
        0.485,
        0.64,
        0.778,
        0.707,
        0.072,
        1.0,
        0.664,
        0.59,
        0.29,
        0.519,
        0.593,
        0.22,
        0.689,
        0.165,
        0.072,
        0.463,
        0.486,
        0.139
      ],
      [
        0.687,
        0.825,
        0.67,
        0.857,
        0.637,
        0.783,
        0.729,
        0.727,
        0.788,
        0.427,
        0.664,
        1.0,
        0.739,
        0.665,
        0.726,
        0.896,
        0.679,
        0.814,
        0.374,
        0.18,
        0.845,
        0.783,
        0.294
      ],
      [
        0.66,
        0.698,
        0.674,
        0.682,
        0.683,
        0.805,
        0.586,
        0.575,
        0.539,
        0.29,
        0.59,
        0.739,
        1.0,
        0.694,
        0.695,
        0.787,
        0.721,
        0.889,
        0.535,
        0.447,
        0.719,
        0.67,
        0.381
      ],
      [
        0.832,
        0.722,
        0.634,
        0.683,
        0.744,
        0.897,
        0.634,
        0.488,
        0.528,
        0.29,
        0.29,
        0.665,
        0.694,
        1.0,
        0.419,
        0.749,
        0.61,
        0.714,
        0.529,
        0.372,
        0.705,
        0.776,
        0.624
      ],
      [
        0.552,
        0.602,
        0.664,
        0.631,
        0.6,
        0.559,
        0.558,
        0.586,
        0.593,
        0.495,
        0.519,
        0.726,
        0.695,
        0.419,
        1.0,
        0.762,
        0.724,
        0.593,
        0.302,
        0.221,
        0.767,
        0.582,
        0.072
      ],
      [
        0.778,
        0.811,
        0.78,
        0.92,
        0.67,
        0.839,
        0.775,
        0.664,
        0.736,
        0.561,
        0.593,
        0.896,
        0.787,
        0.749,
        0.762,
        1.0,
        0.729,
        0.81,
        0.437,
        0.234,
        0.867,
        0.859,
        0.458
      ],
      [
        0.698,
        0.591,
        0.651,
        0.599,
        0.579,
        0.639,
        0.523,
        0.421,
        0.438,
        0.452,
        0.22,
        0.679,
        0.721,
        0.61,
        0.724,
        0.729,
        1.0,
        0.648,
        0.617,
        0.259,
        0.707,
        0.607,
        0.32
      ],
      [
        0.659,
        0.808,
        0.682,
        0.819,
        0.651,
        0.816,
        0.718,
        0.67,
        0.644,
        0.125,
        0.689,
        0.814,
        0.889,
        0.714,
        0.593,
        0.81,
        0.648,
        1.0,
        0.373,
        0.44,
        0.741,
        0.828,
        0.393
      ],
      [
        0.438,
        0.481,
        0.342,
        0.255,
        0.451,
        0.382,
        0.43,
        0.39,
        0.179,
        0.321,
        0.165,
        0.374,
        0.535,
        0.529,
        0.302,
        0.437,
        0.617,
        0.373,
        1.0,
        0.302,
        0.273,
        0.335,
        0.47
      ],
      [
        0.321,
        0.255,
        0.187,
        0.254,
        0.575,
        0.302,
        0.363,
        0.191,
        0.125,
        0.071,
        0.072,
        0.18,
        0.447,
        0.372,
        0.221,
        0.234,
        0.259,
        0.44,
        0.302,
        1.0,
        0.254,
        0.489,
        0.394
      ],
      [
        0.809,
        0.714,
        0.72,
        0.82,
        0.739,
        0.832,
        0.674,
        0.612,
        0.702,
        0.458,
        0.463,
        0.845,
        0.719,
        0.705,
        0.767,
        0.867,
        0.707,
        0.741,
        0.273,
        0.254,
        1.0,
        0.824,
        0.378
      ],
      [
        0.72,
        0.769,
        0.665,
        0.929,
        0.7,
        0.759,
        0.761,
        0.65,
        0.671,
        0.301,
        0.486,
        0.783,
        0.67,
        0.776,
        0.582,
        0.859,
        0.607,
        0.828,
        0.335,
        0.489,
        0.824,
        1.0,
        0.463
      ],
      [
        0.712,
        0.4,
        0.314,
        0.305,
        0.485,
        0.651,
        0.556,
        0.246,
        0.304,
        0.427,
        0.139,
        0.294,
        0.381,
        0.624,
        0.072,
        0.458,
        0.32,
        0.393,
        0.47,
        0.394,
        0.378,
        0.463,
        1.0
      ]
    ],
    "top_pairs": [
      {
        "pair": "光通信与光学 ↔ 通信/6G",
        "correlation": 0.929
      },
      {
        "pair": "光通信与光学 ↔ 汽车零部件",
        "correlation": 0.92
      },
      {
        "pair": "化工/材料 ↔ 新能源/电力设备",
        "correlation": 0.897
      },
      {
        "pair": "工业设备/通用机械 ↔ 汽车零部件",
        "correlation": 0.896
      },
      {
        "pair": "半导体设备 ↔ 半导体零部件",
        "correlation": 0.89
      },
      {
        "pair": "待分类 ↔ 消费电子/元器件",
        "correlation": 0.889
      },
      {
        "pair": "AI算力 ↔ 化工/材料",
        "correlation": 0.887
      },
      {
        "pair": "汽车零部件 ↔ 软件与IT服务",
        "correlation": 0.867
      },
      {
        "pair": "汽车零部件 ↔ 通信/6G",
        "correlation": 0.859
      },
      {
        "pair": "光通信与光学 ↔ 工业设备/通用机械",
        "correlation": 0.857
      }
    ]
  },
  "group_matrix_60d": {
    "groups": [
      "AI算力",
      "IC设计",
      "低空经济/航空",
      "光通信与光学",
      "其他",
      "化工/材料",
      "半导体材料",
      "半导体设备",
      "半导体零部件",
      "地产/基建",
      "封测与基板",
      "工业设备/通用机械",
      "待分类",
      "新能源/电力设备",
      "机器人/自动化",
      "汽车零部件",
      "消费/医药/传媒",
      "消费电子/元器件",
      "生物医药",
      "电力运营",
      "软件与IT服务",
      "通信/6G",
      "金融/综合"
    ],
    "dates": [
      "20260428",
      "20260429",
      "20260430",
      "20260506",
      "20260507",
      "20260508",
      "20260511",
      "20260512",
      "20260513",
      "20260514",
      "20260515",
      "20260518",
      "20260519",
      "20260520",
      "20260521",
      "20260522",
      "20260525",
      "20260526",
      "20260527",
      "20260528"
    ],
    "window_days": 60,
    "matrix": [
      [
        1.0,
        0.712,
        0.652,
        0.59,
        0.668,
        0.743,
        0.602,
        0.558,
        0.614,
        0.495,
        0.151,
        0.731,
        0.709,
        0.799,
        0.594,
        0.741,
        0.656,
        0.701,
        0.344,
        0.316,
        0.822,
        0.701,
        0.521
      ],
      [
        0.712,
        1.0,
        0.604,
        0.644,
        0.572,
        0.716,
        0.723,
        0.755,
        0.714,
        0.421,
        0.357,
        0.791,
        0.726,
        0.7,
        0.679,
        0.773,
        0.562,
        0.749,
        0.257,
        0.263,
        0.759,
        0.661,
        0.318
      ],
      [
        0.652,
        0.604,
        1.0,
        0.557,
        0.632,
        0.611,
        0.451,
        0.411,
        0.408,
        0.481,
        0.2,
        0.683,
        0.706,
        0.715,
        0.59,
        0.768,
        0.7,
        0.647,
        0.292,
        0.2,
        0.764,
        0.647,
        0.203
      ],
      [
        0.59,
        0.644,
        0.557,
        1.0,
        0.556,
        0.654,
        0.682,
        0.695,
        0.701,
        0.423,
        0.417,
        0.836,
        0.658,
        0.586,
        0.622,
        0.788,
        0.521,
        0.813,
        0.163,
        0.2,
        0.674,
        0.744,
        0.109
      ],
      [
        0.668,
        0.572,
        0.632,
        0.556,
        1.0,
        0.708,
        0.465,
        0.45,
        0.393,
        0.428,
        0.115,
        0.64,
        0.681,
        0.712,
        0.62,
        0.646,
        0.595,
        0.63,
        0.358,
        0.425,
        0.715,
        0.591,
        0.33
      ],
      [
        0.743,
        0.716,
        0.611,
        0.654,
        0.708,
        1.0,
        0.699,
        0.625,
        0.7,
        0.487,
        0.383,
        0.785,
        0.802,
        0.844,
        0.612,
        0.819,
        0.666,
        0.788,
        0.221,
        0.366,
        0.796,
        0.62,
        0.497
      ],
      [
        0.602,
        0.723,
        0.451,
        0.682,
        0.465,
        0.699,
        1.0,
        0.819,
        0.851,
        0.453,
        0.464,
        0.744,
        0.591,
        0.594,
        0.623,
        0.669,
        0.515,
        0.726,
        0.167,
        0.38,
        0.629,
        0.691,
        0.392
      ],
      [
        0.558,
        0.755,
        0.411,
        0.695,
        0.45,
        0.625,
        0.819,
        1.0,
        0.903,
        0.356,
        0.494,
        0.785,
        0.667,
        0.542,
        0.708,
        0.693,
        0.468,
        0.771,
        0.295,
        0.208,
        0.62,
        0.612,
        0.136
      ],
      [
        0.614,
        0.714,
        0.408,
        0.701,
        0.393,
        0.7,
        0.851,
        0.903,
        1.0,
        0.408,
        0.452,
        0.819,
        0.632,
        0.552,
        0.697,
        0.705,
        0.459,
        0.736,
        0.189,
        0.192,
        0.67,
        0.605,
        0.186
      ],
      [
        0.495,
        0.421,
        0.481,
        0.423,
        0.428,
        0.487,
        0.453,
        0.356,
        0.408,
        1.0,
        0.167,
        0.559,
        0.5,
        0.492,
        0.531,
        0.572,
        0.581,
        0.384,
        0.164,
        0.197,
        0.601,
        0.421,
        0.293
      ],
      [
        0.151,
        0.357,
        0.2,
        0.417,
        0.115,
        0.383,
        0.464,
        0.494,
        0.452,
        0.167,
        1.0,
        0.396,
        0.347,
        0.188,
        0.35,
        0.349,
        0.122,
        0.47,
        0.014,
        0.193,
        0.214,
        0.184,
        -0.021
      ],
      [
        0.731,
        0.791,
        0.683,
        0.836,
        0.64,
        0.785,
        0.744,
        0.785,
        0.819,
        0.559,
        0.396,
        1.0,
        0.805,
        0.722,
        0.766,
        0.872,
        0.711,
        0.878,
        0.243,
        0.263,
        0.845,
        0.725,
        0.197
      ],
      [
        0.709,
        0.726,
        0.706,
        0.658,
        0.681,
        0.802,
        0.591,
        0.667,
        0.632,
        0.5,
        0.347,
        0.805,
        1.0,
        0.763,
        0.764,
        0.813,
        0.762,
        0.887,
        0.469,
        0.391,
        0.811,
        0.609,
        0.266
      ],
      [
        0.799,
        0.7,
        0.715,
        0.586,
        0.712,
        0.844,
        0.594,
        0.542,
        0.552,
        0.492,
        0.188,
        0.722,
        0.763,
        1.0,
        0.522,
        0.789,
        0.676,
        0.742,
        0.298,
        0.376,
        0.793,
        0.709,
        0.483
      ],
      [
        0.594,
        0.679,
        0.59,
        0.622,
        0.62,
        0.612,
        0.623,
        0.708,
        0.697,
        0.531,
        0.35,
        0.766,
        0.764,
        0.522,
        1.0,
        0.716,
        0.68,
        0.71,
        0.369,
        0.249,
        0.757,
        0.521,
        0.057
      ],
      [
        0.741,
        0.773,
        0.768,
        0.788,
        0.646,
        0.819,
        0.669,
        0.693,
        0.705,
        0.572,
        0.349,
        0.872,
        0.813,
        0.789,
        0.716,
        1.0,
        0.707,
        0.811,
        0.304,
        0.205,
        0.837,
        0.75,
        0.306
      ],
      [
        0.656,
        0.562,
        0.7,
        0.521,
        0.595,
        0.666,
        0.515,
        0.468,
        0.459,
        0.581,
        0.122,
        0.711,
        0.762,
        0.676,
        0.68,
        0.707,
        1.0,
        0.672,
        0.352,
        0.357,
        0.772,
        0.582,
        0.26
      ],
      [
        0.701,
        0.749,
        0.647,
        0.813,
        0.63,
        0.788,
        0.726,
        0.771,
        0.736,
        0.384,
        0.47,
        0.878,
        0.887,
        0.742,
        0.71,
        0.811,
        0.672,
        1.0,
        0.256,
        0.415,
        0.771,
        0.688,
        0.244
      ],
      [
        0.344,
        0.257,
        0.292,
        0.163,
        0.358,
        0.221,
        0.167,
        0.295,
        0.189,
        0.164,
        0.014,
        0.243,
        0.469,
        0.298,
        0.369,
        0.304,
        0.352,
        0.256,
        1.0,
        0.02,
        0.264,
        0.175,
        0.144
      ],
      [
        0.316,
        0.263,
        0.2,
        0.2,
        0.425,
        0.366,
        0.38,
        0.208,
        0.192,
        0.197,
        0.193,
        0.263,
        0.391,
        0.376,
        0.249,
        0.205,
        0.357,
        0.415,
        0.02,
        1.0,
        0.349,
        0.289,
        0.306
      ],
      [
        0.822,
        0.759,
        0.764,
        0.674,
        0.715,
        0.796,
        0.629,
        0.62,
        0.67,
        0.601,
        0.214,
        0.845,
        0.811,
        0.793,
        0.757,
        0.837,
        0.772,
        0.771,
        0.264,
        0.349,
        1.0,
        0.738,
        0.347
      ],
      [
        0.701,
        0.661,
        0.647,
        0.744,
        0.591,
        0.62,
        0.691,
        0.612,
        0.605,
        0.421,
        0.184,
        0.725,
        0.609,
        0.709,
        0.521,
        0.75,
        0.582,
        0.688,
        0.175,
        0.289,
        0.738,
        1.0,
        0.349
      ],
      [
        0.521,
        0.318,
        0.203,
        0.109,
        0.33,
        0.497,
        0.392,
        0.136,
        0.186,
        0.293,
        -0.021,
        0.197,
        0.266,
        0.483,
        0.057,
        0.306,
        0.26,
        0.244,
        0.144,
        0.306,
        0.347,
        0.349,
        1.0
      ]
    ],
    "top_pairs": [
      {
        "pair": "半导体设备 ↔ 半导体零部件",
        "correlation": 0.903
      },
      {
        "pair": "待分类 ↔ 消费电子/元器件",
        "correlation": 0.887
      },
      {
        "pair": "工业设备/通用机械 ↔ 消费电子/元器件",
        "correlation": 0.878
      },
      {
        "pair": "工业设备/通用机械 ↔ 汽车零部件",
        "correlation": 0.872
      },
      {
        "pair": "半导体材料 ↔ 半导体零部件",
        "correlation": 0.851
      },
      {
        "pair": "工业设备/通用机械 ↔ 软件与IT服务",
        "correlation": 0.845
      },
      {
        "pair": "化工/材料 ↔ 新能源/电力设备",
        "correlation": 0.844
      },
      {
        "pair": "汽车零部件 ↔ 软件与IT服务",
        "correlation": 0.837
      },
      {
        "pair": "光通信与光学 ↔ 工业设备/通用机械",
        "correlation": 0.836
      },
      {
        "pair": "AI算力 ↔ 软件与IT服务",
        "correlation": 0.822
      }
    ]
  },
  "stock_chain_corr": [
    {
      "code": "000009.SZ",
      "name": "中国宝安",
      "group": "待分类",
      "corr_chain1": 0.219,
      "corr_chain2": 0,
      "beta_chain1": 0,
      "beta_chain2": 0
    },
    {
      "code": "000026.SZ",
      "name": "飞亚达",
      "group": "消费/医药/传媒",
      "corr_chain1": 0.21,
      "corr_chain2": 0,
      "beta_chain1": 0,
      "beta_chain2": 0
    },
    {
      "code": "000062.SZ",
      "name": "深圳华强",
      "group": "消费电子/元器件",
      "corr_chain1": 0.697,
      "corr_chain2": 0,
      "beta_chain1": 0,
      "beta_chain2": 0
    },
    {
      "code": "000063.SZ",
      "name": "中兴通讯",
      "group": "待分类",
      "corr_chain1": 0.604,
      "corr_chain2": 0,
      "beta_chain1": 0,
      "beta_chain2": 0
    },
    {
      "code": "000066.SZ",
      "name": "中国长城",
      "group": "AI算力",
      "corr_chain1": 0.403,
      "corr_chain2": 0,
      "beta_chain1": 0,
      "beta_chain2": 0
    },
    {
      "code": "000099.SZ",
      "name": "中信海直",
      "group": "待分类",
      "corr_chain1": 0.0,
      "corr_chain2": 0,
      "beta_chain1": 0,
      "beta_chain2": 0
    },
    {
      "code": "000338.SZ",
      "name": "潍柴动力",
      "group": "汽车零部件",
      "corr_chain1": 0.437,
      "corr_chain2": 0,
      "beta_chain1": 0,
      "beta_chain2": 0
    },
    {
      "code": "000513.SZ",
      "name": "丽珠集团",
      "group": "生物医药",
      "corr_chain1": 0.228,
      "corr_chain2": 0,
      "beta_chain1": 0,
      "beta_chain2": 0
    },
    {
      "code": "000518.SZ",
      "name": "四环生物",
      "group": "待分类",
      "corr_chain1": 0.046,
      "corr_chain2": 0,
      "beta_chain1": 0,
      "beta_chain2": 0
    },
    {
      "code": "000539.SZ",
      "name": "粤电力Ａ",
      "group": "电力运营",
      "corr_chain1": 0.103,
      "corr_chain2": 0,
      "beta_chain1": 0,
      "beta_chain2": 0
    },
    {
      "code": "000555.SZ",
      "name": "神州信息",
      "group": "待分类",
      "corr_chain1": 0.571,
      "corr_chain2": 0,
      "beta_chain1": 0,
      "beta_chain2": 0
    },
    {
      "code": "000566.SZ",
      "name": "海南海药",
      "group": "生物医药",
      "corr_chain1": 0.333,
      "corr_chain2": 0,
      "beta_chain1": 0,
      "beta_chain2": 0
    },
    {
      "code": "000597.SZ",
      "name": "东北制药",
      "group": "生物医药",
      "corr_chain1": 0.386,
      "corr_chain2": 0,
      "beta_chain1": 0,
      "beta_chain2": 0
    },
    {
      "code": "000601.SZ",
      "name": "韶能股份",
      "group": "电力运营",
      "corr_chain1": 0.041,
      "corr_chain2": 0,
      "beta_chain1": 0,
      "beta_chain2": 0
    },
    {
      "code": "000625.SZ",
      "name": "长安汽车",
      "group": "待分类",
      "corr_chain1": 0.145,
      "corr_chain2": 0,
      "beta_chain1": 0,
      "beta_chain2": 0
    },
    {
      "code": "000636.SZ",
      "name": "风华高科",
      "group": "消费电子/元器件",
      "corr_chain1": 0.464,
      "corr_chain2": 0,
      "beta_chain1": 0,
      "beta_chain2": 0
    },
    {
      "code": "000661.SZ",
      "name": "长春高新",
      "group": "生物医药",
      "corr_chain1": 0.378,
      "corr_chain2": 0,
      "beta_chain1": 0,
      "beta_chain2": 0
    },
    {
      "code": "000697.SZ",
      "name": "炼石航空",
      "group": "低空经济/航空",
      "corr_chain1": 0.229,
      "corr_chain2": 0,
      "beta_chain1": 0,
      "beta_chain2": 0
    },
    {
      "code": "000703.SZ",
      "name": "恒逸石化",
      "group": "化工/材料",
      "corr_chain1": 0.387,
      "corr_chain2": 0,
      "beta_chain1": 0,
      "beta_chain2": 0
    },
    {
      "code": "000723.SZ",
      "name": "美锦能源",
      "group": "待分类",
      "corr_chain1": 0.222,
      "corr_chain2": 0,
      "beta_chain1": 0,
      "beta_chain2": 0
    },
    {
      "code": "000767.SZ",
      "name": "晋控电力",
      "group": "电力运营",
      "corr_chain1": 0.246,
      "corr_chain2": 0,
      "beta_chain1": 0,
      "beta_chain2": 0
    },
    {
      "code": "000768.SZ",
      "name": "中航西飞",
      "group": "待分类",
      "corr_chain1": 0.168,
      "corr_chain2": 0,
      "beta_chain1": 0,
      "beta_chain2": 0
    },
    {
      "code": "000791.SZ",
      "name": "甘肃能源",
      "group": "电力运营",
      "corr_chain1": 0.357,
      "corr_chain2": 0,
      "beta_chain1": 0,
      "beta_chain2": 0
    },
    {
      "code": "000811.SZ",
      "name": "冰轮环境",
      "group": "工业设备/通用机械",
      "corr_chain1": 0.529,
      "corr_chain2": 0,
      "beta_chain1": 0,
      "beta_chain2": 0
    },
    {
      "code": "000837.SZ",
      "name": "秦川机床",
      "group": "待分类",
      "corr_chain1": -0.068,
      "corr_chain2": 0,
      "beta_chain1": 0,
      "beta_chain2": 0
    },
    {
      "code": "000878.SZ",
      "name": "云南铜业",
      "group": "待分类",
      "corr_chain1": 0.257,
      "corr_chain2": 0,
      "beta_chain1": 0,
      "beta_chain2": 0
    },
    {
      "code": "000881.SZ",
      "name": "中广核技",
      "group": "待分类",
      "corr_chain1": 0.656,
      "corr_chain2": 0,
      "beta_chain1": 0,
      "beta_chain2": 0
    },
    {
      "code": "000889.SZ",
      "name": "中嘉博创",
      "group": "通信/6G",
      "corr_chain1": 0.437,
      "corr_chain2": 0,
      "beta_chain1": 0,
      "beta_chain2": 0
    },
    {
      "code": "000931.SZ",
      "name": "中关村",
      "group": "生物医药",
      "corr_chain1": 0.59,
      "corr_chain2": 0,
      "beta_chain1": 0,
      "beta_chain2": 0
    },
    {
      "code": "000938.SZ",
      "name": "紫光股份",
      "group": "待分类",
      "corr_chain1": 0.645,
      "corr_chain2": 0,
      "beta_chain1": 0,
      "beta_chain2": 0
    },
    {
      "code": "000963.SZ",
      "name": "华东医药",
      "group": "生物医药",
      "corr_chain1": -0.138,
      "corr_chain2": 0,
      "beta_chain1": 0,
      "beta_chain2": 0
    },
    {
      "code": "000967.SZ",
      "name": "盈峰环境",
      "group": "其他",
      "corr_chain1": 0.42,
      "corr_chain2": 0,
      "beta_chain1": 0,
      "beta_chain2": 0
    },
    {
      "code": "000969.SZ",
      "name": "安泰科技",
      "group": "待分类",
      "corr_chain1": 0.065,
      "corr_chain2": 0,
      "beta_chain1": 0,
      "beta_chain2": 0
    },
    {
      "code": "000977.SZ",
      "name": "浪潮信息",
      "group": "待分类",
      "corr_chain1": 0.6,
      "corr_chain2": 0,
      "beta_chain1": 0,
      "beta_chain2": 0
    },
    {
      "code": "000980.SZ",
      "name": "众泰汽车",
      "group": "待分类",
      "corr_chain1": 0.684,
      "corr_chain2": 0,
      "beta_chain1": 0,
      "beta_chain2": 0
    },
    {
      "code": "000990.SZ",
      "name": "诚志股份",
      "group": "化工/材料",
      "corr_chain1": 0.565,
      "corr_chain2": 0,
      "beta_chain1": 0,
      "beta_chain2": 0
    },
    {
      "code": "000999.SZ",
      "name": "华润三九",
      "group": "生物医药",
      "corr_chain1": -0.038,
      "corr_chain2": 0,
      "beta_chain1": 0,
      "beta_chain2": 0
    },
    {
      "code": "001268.SZ",
      "name": "联合精密",
      "group": "工业设备/通用机械",
      "corr_chain1": 0.563,
      "corr_chain2": 0,
      "beta_chain1": 0,
      "beta_chain2": 0
    },
    {
      "code": "001270.SZ",
      "name": "铖昌科技",
      "group": "IC设计",
      "corr_chain1": -0.436,
      "corr_chain2": 0,
      "beta_chain1": 0,
      "beta_chain2": 0
    },
    {
      "code": "001309.SZ",
      "name": "德明利",
      "group": "IC设计",
      "corr_chain1": 0.52,
      "corr_chain2": 0,
      "beta_chain1": 0,
      "beta_chain2": 0
    },
    {
      "code": "001339.SZ",
      "name": "智微智能",
      "group": "AI算力",
      "corr_chain1": 0.601,
      "corr_chain2": 0,
      "beta_chain1": 0,
      "beta_chain2": 0
    },
    {
      "code": "001359.SZ",
      "name": "平安电工",
      "group": "新能源/电力设备",
      "corr_chain1": 0.509,
      "corr_chain2": 0,
      "beta_chain1": 0,
      "beta_chain2": 0
    },
    {
      "code": "001389.SZ",
      "name": "广合科技",
      "group": "消费电子/元器件",
      "corr_chain1": 0.491,
      "corr_chain2": 0,
      "beta_chain1": 0,
      "beta_chain2": 0
    },
    {
      "code": "001896.SZ",
      "name": "豫能控股",
      "group": "电力运营",
      "corr_chain1": -0.024,
      "corr_chain2": 0,
      "beta_chain1": 0,
      "beta_chain2": 0
    },
    {
      "code": "002008.SZ",
      "name": "大族激光",
      "group": "工业设备/通用机械",
      "corr_chain1": 0.507,
      "corr_chain2": 0,
      "beta_chain1": 0,
      "beta_chain2": 0
    },
    {
      "code": "002009.SZ",
      "name": "天奇股份",
      "group": "待分类",
      "corr_chain1": -0.107,
      "corr_chain2": 0,
      "beta_chain1": 0,
      "beta_chain2": 0
    },
    {
      "code": "002015.SZ",
      "name": "协鑫能科",
      "group": "电力运营",
      "corr_chain1": 0.379,
      "corr_chain2": 0,
      "beta_chain1": 0,
      "beta_chain2": 0
    },
    {
      "code": "002019.SZ",
      "name": "亿帆医药",
      "group": "生物医药",
      "corr_chain1": 0.423,
      "corr_chain2": 0,
      "beta_chain1": 0,
      "beta_chain2": 0
    },
    {
      "code": "002025.SZ",
      "name": "航天电器",
      "group": "待分类",
      "corr_chain1": 0.597,
      "corr_chain2": 0,
      "beta_chain1": 0,
      "beta_chain2": 0
    },
    {
      "code": "002031.SZ",
      "name": "巨轮智能",
      "group": "机器人/自动化",
      "corr_chain1": 0.163,
      "corr_chain2": 0,
      "beta_chain1": 0,
      "beta_chain2": 0
    },
    {
      "code": "002038.SZ",
      "name": "双鹭药业",
      "group": "生物医药",
      "corr_chain1": 0.239,
      "corr_chain2": 0,
      "beta_chain1": 0,
      "beta_chain2": 0
    },
    {
      "code": "002046.SZ",
      "name": "国机精工",
      "group": "工业设备/通用机械",
      "corr_chain1": 0.469,
      "corr_chain2": 0,
      "beta_chain1": 0,
      "beta_chain2": 0
    },
    {
      "code": "002062.SZ",
      "name": "宏润建设",
      "group": "地产/基建",
      "corr_chain1": 0.321,
      "corr_chain2": 0,
      "beta_chain1": 0,
      "beta_chain2": 0
    },
    {
      "code": "002074.SZ",
      "name": "国轩高科",
      "group": "待分类",
      "corr_chain1": 0.553,
      "corr_chain2": 0,
      "beta_chain1": 0,
      "beta_chain2": 0
    },
    {
      "code": "002079.SZ",
      "name": "苏州固锝",
      "group": "消费电子/元器件",
      "corr_chain1": 0.425,
      "corr_chain2": 0,
      "beta_chain1": 0,
      "beta_chain2": 0
    },
    {
      "code": "002080.SZ",
      "name": "中材科技",
      "group": "化工/材料",
      "corr_chain1": 0.342,
      "corr_chain2": 0,
      "beta_chain1": 0,
      "beta_chain2": 0
    },
    {
      "code": "002093.SZ",
      "name": "国脉科技",
      "group": "待分类",
      "corr_chain1": 0.266,
      "corr_chain2": 0,
      "beta_chain1": 0,
      "beta_chain2": 0
    },
    {
      "code": "002125.SZ",
      "name": "湘潭电化",
      "group": "待分类",
      "corr_chain1": 0.217,
      "corr_chain2": 0,
      "beta_chain1": 0,
      "beta_chain2": 0
    },
    {
      "code": "002132.SZ",
      "name": "恒星科技",
      "group": "化工/材料",
      "corr_chain1": 0.044,
      "corr_chain2": 0,
      "beta_chain1": 0,
      "beta_chain2": 0
    },
    {
      "code": "002134.SZ",
      "name": "天津普林",
      "group": "消费电子/元器件",
      "corr_chain1": 0.267,
      "corr_chain2": 0,
      "beta_chain1": 0,
      "beta_chain2": 0
    },
    {
      "code": "002139.SZ",
      "name": "拓邦股份",
      "group": "待分类",
      "corr_chain1": -0.136,
      "corr_chain2": 0,
      "beta_chain1": 0,
      "beta_chain2": 0
    },
    {
      "code": "002149.SZ",
      "name": "西部材料",
      "group": "化工/材料",
      "corr_chain1": 0.145,
      "corr_chain2": 0,
      "beta_chain1": 0,
      "beta_chain2": 0
    },
    {
      "code": "002151.SZ",
      "name": "北斗星通",
      "group": "待分类",
      "corr_chain1": 0.583,
      "corr_chain2": 0,
      "beta_chain1": 0,
      "beta_chain2": 0
    },
    {
      "code": "002156.SZ",
      "name": "通富微电",
      "group": "封测与基板",
      "corr_chain1": 0.39,
      "corr_chain2": 0,
      "beta_chain1": 0,
      "beta_chain2": 0
    },
    {
      "code": "002158.SZ",
      "name": "汉钟精机",
      "group": "半导体零部件",
      "corr_chain1": 0.533,
      "corr_chain2": 0,
      "beta_chain1": 0,
      "beta_chain2": 0
    },
    {
      "code": "002176.SZ",
      "name": "江特电机",
      "group": "新能源/电力设备",
      "corr_chain1": 0.247,
      "corr_chain2": 0,
      "beta_chain1": 0,
      "beta_chain2": 0
    },
    {
      "code": "002192.SZ",
      "name": "融捷股份",
      "group": "化工/材料",
      "corr_chain1": 0.534,
      "corr_chain2": 0,
      "beta_chain1": 0,
      "beta_chain2": 0
    },
    {
      "code": "002203.SZ",
      "name": "海亮股份",
      "group": "化工/材料",
      "corr_chain1": 0.395,
      "corr_chain2": 0,
      "beta_chain1": 0,
      "beta_chain2": 0
    },
    {
      "code": "002213.SZ",
      "name": "大为股份",
      "group": "汽车零部件",
      "corr_chain1": 0.687,
      "corr_chain2": 0,
      "beta_chain1": 0,
      "beta_chain2": 0
    },
    {
      "code": "002222.SZ",
      "name": "福晶科技",
      "group": "光通信与光学",
      "corr_chain1": 0.539,
      "corr_chain2": 0,
      "beta_chain1": 0,
      "beta_chain2": 0
    },
    {
      "code": "002240.SZ",
      "name": "盛新锂能",
      "group": "化工/材料",
      "corr_chain1": 0.325,
      "corr_chain2": 0,
      "beta_chain1": 0,
      "beta_chain2": 0
    },
    {
      "code": "002243.SZ",
      "name": "力合科创",
      "group": "待分类",
      "corr_chain1": 0.407,
      "corr_chain2": 0,
      "beta_chain1": 0,
      "beta_chain2": 0
    },
    {
      "code": "002245.SZ",
      "name": "蔚蓝锂芯",
      "group": "新能源/电力设备",
      "corr_chain1": -0.213,
      "corr_chain2": 0,
      "beta_chain1": 0,
      "beta_chain2": 0
    },
    {
      "code": "002254.SZ",
      "name": "泰和新材",
      "group": "化工/材料",
      "corr_chain1": 0.321,
      "corr_chain2": 0,
      "beta_chain1": 0,
      "beta_chain2": 0
    },
    {
      "code": "002256.SZ",
      "name": "兆新股份",
      "group": "新能源/电力设备",
      "corr_chain1": 0.466,
      "corr_chain2": 0,
      "beta_chain1": 0,
      "beta_chain2": 0
    },
    {
      "code": "002268.SZ",
      "name": "电科网安",
      "group": "待分类",
      "corr_chain1": 0.525,
      "corr_chain2": 0,
      "beta_chain1": 0,
      "beta_chain2": 0
    },
    {
      "code": "002273.SZ",
      "name": "水晶光电",
      "group": "光通信与光学",
      "corr_chain1": 0.554,
      "corr_chain2": 0,
      "beta_chain1": 0,
      "beta_chain2": 0
    },
    {
      "code": "002281.SZ",
      "name": "光迅科技",
      "group": "光通信与光学",
      "corr_chain1": 0.621,
      "corr_chain2": 0,
      "beta_chain1": 0,
      "beta_chain2": 0
    },
    {
      "code": "002297.SZ",
      "name": "博云新材",
      "group": "低空经济/航空",
      "corr_chain1": 0.215,
      "corr_chain2": 0,
      "beta_chain1": 0,
      "beta_chain2": 0
    },
    {
      "code": "002318.SZ",
      "name": "久立特材",
      "group": "待分类",
      "corr_chain1": 0.268,
      "corr_chain2": 0,
      "beta_chain1": 0,
      "beta_chain2": 0
    },
    {
      "code": "002326.SZ",
      "name": "永太科技",
      "group": "待分类",
      "corr_chain1": 0.209,
      "corr_chain2": 0,
      "beta_chain1": 0,
      "beta_chain2": 0
    },
    {
      "code": "002328.SZ",
      "name": "新朋股份",
      "group": "汽车零部件",
      "corr_chain1": 0.709,
      "corr_chain2": 0,
      "beta_chain1": 0,
      "beta_chain2": 0
    },
    {
      "code": "002340.SZ",
      "name": "格林美",
      "group": "待分类",
      "corr_chain1": 0.236,
      "corr_chain2": 0,
      "beta_chain1": 0,
      "beta_chain2": 0
    },
    {
      "code": "002348.SZ",
      "name": "高乐股份",
      "group": "消费/医药/传媒",
      "corr_chain1": 0.205,
      "corr_chain2": 0,
      "beta_chain1": 0,
      "beta_chain2": 0
    },
    {
      "code": "002361.SZ",
      "name": "神剑股份",
      "group": "化工/材料",
      "corr_chain1": 0.42,
      "corr_chain2": 0,
      "beta_chain1": 0,
      "beta_chain2": 0
    },
    {
      "code": "002364.SZ",
      "name": "中恒电气",
      "group": "新能源/电力设备",
      "corr_chain1": 0.446,
      "corr_chain2": 0,
      "beta_chain1": 0,
      "beta_chain2": 0
    },
    {
      "code": "002366.SZ",
      "name": "融发核电",
      "group": "待分类",
      "corr_chain1": 0.599,
      "corr_chain2": 0,
      "beta_chain1": 0,
      "beta_chain2": 0
    },
    {
      "code": "002371.SZ",
      "name": "北方华创",
      "group": "半导体设备",
      "corr_chain1": 0.616,
      "corr_chain2": 0,
      "beta_chain1": 0,
      "beta_chain2": 0
    },
    {
      "code": "002380.SZ",
      "name": "科远智慧",
      "group": "软件与IT服务",
      "corr_chain1": -0.205,
      "corr_chain2": 0,
      "beta_chain1": 0,
      "beta_chain2": 0
    },
    {
      "code": "002384.SZ",
      "name": "东山精密",
      "group": "消费电子/元器件",
      "corr_chain1": 0.596,
      "corr_chain2": 0,
      "beta_chain1": 0,
      "beta_chain2": 0
    },
    {
      "code": "002389.SZ",
      "name": "航天彩虹",
      "group": "待分类",
      "corr_chain1": 0.471,
      "corr_chain2": 0,
      "beta_chain1": 0,
      "beta_chain2": 0
    },
    {
      "code": "002392.SZ",
      "name": "北京利尔",
      "group": "化工/材料",
      "corr_chain1": 0.381,
      "corr_chain2": 0,
      "beta_chain1": 0,
      "beta_chain2": 0
    },
    {
      "code": "002399.SZ",
      "name": "海普瑞",
      "group": "生物医药",
      "corr_chain1": 0.099,
      "corr_chain2": 0,
      "beta_chain1": 0,
      "beta_chain2": 0
    },
    {
      "code": "002407.SZ",
      "name": "多氟多",
      "group": "化工/材料",
      "corr_chain1": 0.173,
      "corr_chain2": 0,
      "beta_chain1": 0,
      "beta_chain2": 0
    },
    {
      "code": "002409.SZ",
      "name": "雅克科技",
      "group": "半导体零部件",
      "corr_chain1": 0.694,
      "corr_chain2": 0,
      "beta_chain1": 0,
      "beta_chain2": 0
    },
    {
      "code": "002418.SZ",
      "name": "康盛股份",
      "group": "消费/医药/传媒",
      "corr_chain1": 0.707,
      "corr_chain2": 0,
      "beta_chain1": 0,
      "beta_chain2": 0
    },
    {
      "code": "002422.SZ",
      "name": "科伦药业",
      "group": "生物医药",
      "corr_chain1": -0.078,
      "corr_chain2": 0,
      "beta_chain1": 0,
      "beta_chain2": 0
    },
    {
      "code": "002428.SZ",
      "name": "云南锗业",
      "group": "化工/材料",
      "corr_chain1": 0.574,
      "corr_chain2": 0,
      "beta_chain1": 0,
      "beta_chain2": 0
    },
    {
      "code": "002429.SZ",
      "name": "兆驰股份",
      "group": "消费电子/元器件",
      "corr_chain1": 0.496,
      "corr_chain2": 0,
      "beta_chain1": 0,
      "beta_chain2": 0
    },
    {
      "code": "002432.SZ",
      "name": "九安医疗",
      "group": "待分类",
      "corr_chain1": -0.032,
      "corr_chain2": 0,
      "beta_chain1": 0,
      "beta_chain2": 0
    },
    {
      "code": "002436.SZ",
      "name": "兴森科技",
      "group": "消费电子/元器件",
      "corr_chain1": 0.377,
      "corr_chain2": 0,
      "beta_chain1": 0,
      "beta_chain2": 0
    },
    {
      "code": "002437.SZ",
      "name": "誉衡药业",
      "group": "生物医药",
      "corr_chain1": 0.572,
      "corr_chain2": 0,
      "beta_chain1": 0,
      "beta_chain2": 0
    },
    {
      "code": "002446.SZ",
      "name": "盛路通信",
      "group": "待分类",
      "corr_chain1": 0.599,
      "corr_chain2": 0,
      "beta_chain1": 0,
      "beta_chain2": 0
    },
    {
      "code": "002455.SZ",
      "name": "百川股份",
      "group": "待分类",
      "corr_chain1": 0.089,
      "corr_chain2": 0,
      "beta_chain1": 0,
      "beta_chain2": 0
    },
    {
      "code": "002460.SZ",
      "name": "赣锋锂业",
      "group": "待分类",
      "corr_chain1": 0.313,
      "corr_chain2": 0,
      "beta_chain1": 0,
      "beta_chain2": 0
    },
    {
      "code": "002463.SZ",
      "name": "沪电股份",
      "group": "消费电子/元器件",
      "corr_chain1": 0.14,
      "corr_chain2": 0,
      "beta_chain1": 0,
      "beta_chain2": 0
    },
    {
      "code": "002465.SZ",
      "name": "海格通信",
      "group": "待分类",
      "corr_chain1": -0.085,
      "corr_chain2": 0,
      "beta_chain1": 0,
      "beta_chain2": 0
    },
    {
      "code": "002466.SZ",
      "name": "天齐锂业",
      "group": "化工/材料",
      "corr_chain1": 0.527,
      "corr_chain2": 0,
      "beta_chain1": 0,
      "beta_chain2": 0
    },
    {
      "code": "002475.SZ",
      "name": "立讯精密",
      "group": "消费电子/元器件",
      "corr_chain1": 0.614,
      "corr_chain2": 0,
      "beta_chain1": 0,
      "beta_chain2": 0
    },
    {
