{
  "generated": "2026-05-20T17:30:10.194646",
  "chain_correlation": NaN,
  "group_matrix_20d": {
    "groups": [
      "AI算力",
      "IC设计",
      "低空经济/航空",
      "光通信与光学",
      "其他",
      "化工/材料",
      "半导体材料",
      "半导体设备",
      "半导体零部件",
      "地产/基建",
      "封测与基板",
      "工业设备/通用机械",
      "新能源/电力设备",
      "机器人/自动化",
      "汽车零部件",
      "消费/医药/传媒",
      "消费电子/元器件",
      "电力运营",
      "软件与IT服务",
      "通信/6G",
      "金融/综合"
    ],
    "dates": [
      "20260420",
      "20260421",
      "20260422",
      "20260423",
      "20260424",
      "20260427",
      "20260428",
      "20260429",
      "20260430",
      "20260506",
      "20260507",
      "20260508",
      "20260511",
      "20260512",
      "20260513",
      "20260514",
      "20260515",
      "20260518",
      "20260519",
      "20260520"
    ],
    "window_days": 20,
    "matrix": [
      [
        1.0,
        0.509,
        0.321,
        0.386,
        0.622,
        0.676,
        0.353,
        0.161,
        0.187,
        0.405,
        -0.17,
        0.249,
        0.735,
        0.237,
        0.436,
        0.505,
        0.508,
        0.351,
        0.62,
        0.576,
        0.506
      ],
      [
        0.509,
        1.0,
        0.408,
        0.573,
        0.655,
        0.692,
        0.72,
        0.659,
        0.589,
        0.34,
        0.148,
        0.441,
        0.65,
        0.516,
        0.681,
        0.616,
        0.733,
        0.046,
        0.485,
        0.585,
        0.053
      ],
      [
        0.321,
        0.408,
        1.0,
        0.481,
        0.662,
        0.588,
        0.326,
        -0.015,
        -0.011,
        0.585,
        0.052,
        0.047,
        0.538,
        0.441,
        0.574,
        0.771,
        0.572,
        0.295,
        0.597,
        0.519,
        0.401
      ],
      [
        0.386,
        0.573,
        0.481,
        1.0,
        0.724,
        0.567,
        0.432,
        0.538,
        0.474,
        0.62,
        0.314,
        0.164,
        0.533,
        0.486,
        0.811,
        0.566,
        0.839,
        0.142,
        0.641,
        0.739,
        0.178
      ],
      [
        0.622,
        0.655,
        0.662,
        0.724,
        1.0,
        0.857,
        0.485,
        0.361,
        0.323,
        0.737,
        0.199,
        0.438,
        0.757,
        0.687,
        0.878,
        0.808,
        0.871,
        0.382,
        0.741,
        0.74,
        0.365
      ],
      [
        0.676,
        0.692,
        0.588,
        0.567,
        0.857,
        1.0,
        0.543,
        0.311,
        0.268,
        0.55,
        0.236,
        0.471,
        0.879,
        0.514,
        0.677,
        0.742,
        0.762,
        0.391,
        0.55,
        0.627,
        0.404
      ],
      [
        0.353,
        0.72,
        0.326,
        0.432,
        0.485,
        0.543,
        1.0,
        0.65,
        0.534,
        0.272,
        0.22,
        0.172,
        0.468,
        0.317,
        0.476,
        0.551,
        0.607,
        0.366,
        0.253,
        0.51,
        0.273
      ],
      [
        0.161,
        0.659,
        -0.015,
        0.538,
        0.361,
        0.311,
        0.65,
        1.0,
        0.848,
        0.147,
        0.255,
        0.186,
        0.336,
        0.46,
        0.512,
        0.233,
        0.598,
        0.003,
        0.186,
        0.383,
        -0.223
      ],
      [
        0.187,
        0.589,
        -0.011,
        0.474,
        0.323,
        0.268,
        0.534,
        0.848,
        1.0,
        0.104,
        0.197,
        0.175,
        0.304,
        0.484,
        0.474,
        0.238,
        0.483,
        -0.017,
        0.269,
        0.335,
        -0.305
      ],
      [
        0.405,
        0.34,
        0.585,
        0.62,
        0.737,
        0.55,
        0.272,
        0.147,
        0.104,
        1.0,
        0.004,
        0.19,
        0.551,
        0.458,
        0.704,
        0.819,
        0.626,
        0.428,
        0.669,
        0.662,
        0.34
      ],
      [
        -0.17,
        0.148,
        0.052,
        0.314,
        0.199,
        0.236,
        0.22,
        0.255,
        0.197,
        0.004,
        1.0,
        0.121,
        0.006,
        0.096,
        0.154,
        -0.014,
        0.309,
        -0.026,
        -0.188,
        -0.061,
        -0.064
      ],
      [
        0.249,
        0.441,
        0.047,
        0.164,
        0.438,
        0.471,
        0.172,
        0.186,
        0.175,
        0.19,
        0.121,
        1.0,
        0.269,
        0.364,
        0.409,
        0.177,
        0.218,
        -0.07,
        0.106,
        0.291,
        -0.023
      ],
      [
        0.735,
        0.65,
        0.538,
        0.533,
        0.757,
        0.879,
        0.468,
        0.336,
        0.304,
        0.551,
        0.006,
        0.269,
        1.0,
        0.29,
        0.528,
        0.737,
        0.705,
        0.417,
        0.616,
        0.725,
        0.447
      ],
      [
        0.237,
        0.516,
        0.441,
        0.486,
        0.687,
        0.514,
        0.317,
        0.46,
        0.484,
        0.458,
        0.096,
        0.364,
        0.29,
        1.0,
        0.816,
        0.542,
        0.645,
        0.15,
        0.574,
        0.349,
        -0.206
      ],
      [
        0.436,
        0.681,
        0.574,
        0.811,
        0.878,
        0.677,
        0.476,
        0.512,
        0.474,
        0.704,
        0.154,
        0.409,
        0.528,
        0.816,
        1.0,
        0.738,
        0.871,
        0.258,
        0.715,
        0.71,
        0.086
      ],
      [
        0.505,
        0.616,
        0.771,
        0.566,
        0.808,
        0.742,
        0.551,
        0.233,
        0.238,
        0.819,
        -0.014,
        0.177,
        0.737,
        0.542,
        0.738,
        1.0,
        0.763,
        0.535,
        0.721,
        0.705,
        0.324
      ],
      [
        0.508,
        0.733,
        0.572,
        0.839,
        0.871,
        0.762,
        0.607,
        0.598,
        0.483,
        0.626,
        0.309,
        0.218,
        0.705,
        0.645,
        0.871,
        0.763,
        1.0,
        0.425,
        0.671,
        0.753,
        0.225
      ],
      [
        0.351,
        0.046,
        0.295,
        0.142,
        0.382,
        0.391,
        0.366,
        0.003,
        -0.017,
        0.428,
        -0.026,
        -0.07,
        0.417,
        0.15,
        0.258,
        0.535,
        0.425,
        1.0,
        0.446,
        0.53,
        0.426
      ],
      [
        0.62,
        0.485,
        0.597,
        0.641,
        0.741,
        0.55,
        0.253,
        0.186,
        0.269,
        0.669,
        -0.188,
        0.106,
        0.616,
        0.574,
        0.715,
        0.721,
        0.671,
        0.446,
        1.0,
        0.782,
        0.238
      ],
      [
        0.576,
        0.585,
        0.519,
        0.739,
        0.74,
        0.627,
        0.51,
        0.383,
        0.335,
        0.662,
        -0.061,
        0.291,
        0.725,
        0.349,
        0.71,
        0.705,
        0.753,
        0.53,
        0.782,
        1.0,
        0.434
      ],
      [
        0.506,
        0.053,
        0.401,
        0.178,
        0.365,
        0.404,
        0.273,
        -0.223,
        -0.305,
        0.34,
        -0.064,
        -0.023,
        0.447,
        -0.206,
        0.086,
        0.324,
        0.225,
        0.426,
        0.238,
        0.434,
        1.0
      ]
    ],
    "top_pairs": [
      {
        "pair": "化工/材料 ↔ 新能源/电力设备",
        "correlation": 0.879
      },
      {
        "pair": "其他 ↔ 汽车零部件",
        "correlation": 0.878
      },
      {
        "pair": "其他 ↔ 消费电子/元器件",
        "correlation": 0.871
      },
      {
        "pair": "汽车零部件 ↔ 消费电子/元器件",
        "correlation": 0.871
      },
      {
        "pair": "其他 ↔ 化工/材料",
        "correlation": 0.857
      },
      {
        "pair": "半导体设备 ↔ 半导体零部件",
        "correlation": 0.848
      },
      {
        "pair": "光通信与光学 ↔ 消费电子/元器件",
        "correlation": 0.839
      },
      {
        "pair": "地产/基建 ↔ 消费/医药/传媒",
        "correlation": 0.819
      },
      {
        "pair": "机器人/自动化 ↔ 汽车零部件",
        "correlation": 0.816
      },
      {
        "pair": "光通信与光学 ↔ 汽车零部件",
        "correlation": 0.811
      }
    ]
  },
  "group_matrix_60d": {
    "groups": [
      "AI算力",
      "IC设计",
      "低空经济/航空",
      "光通信与光学",
      "其他",
      "化工/材料",
      "半导体材料",
      "半导体设备",
      "半导体零部件",
      "地产/基建",
      "封测与基板",
      "工业设备/通用机械",
      "新能源/电力设备",
      "机器人/自动化",
      "汽车零部件",
      "消费/医药/传媒",
      "消费电子/元器件",
      "电力运营",
      "软件与IT服务",
      "通信/6G",
      "金融/综合"
    ],
    "dates": [
      "20260420",
      "20260421",
      "20260422",
      "20260423",
      "20260424",
      "20260427",
      "20260428",
      "20260429",
      "20260430",
      "20260506",
      "20260507",
      "20260508",
      "20260511",
      "20260512",
      "20260513",
      "20260514",
      "20260515",
      "20260518",
      "20260519",
      "20260520"
    ],
    "window_days": 60,
    "matrix": [
      [
        1.0,
        0.727,
        0.622,
        0.563,
        0.74,
        0.686,
        0.568,
        0.542,
        0.542,
        0.654,
        0.168,
        0.552,
        0.781,
        0.587,
        0.671,
        0.675,
        0.735,
        0.427,
        0.766,
        0.662,
        0.575
      ],
      [
        0.727,
        1.0,
        0.631,
        0.643,
        0.781,
        0.77,
        0.707,
        0.735,
        0.684,
        0.698,
        0.357,
        0.663,
        0.733,
        0.719,
        0.776,
        0.733,
        0.789,
        0.311,
        0.779,
        0.645,
        0.42
      ],
      [
        0.622,
        0.631,
        1.0,
        0.547,
        0.708,
        0.66,
        0.468,
        0.411,
        0.393,
        0.683,
        0.228,
        0.452,
        0.737,
        0.615,
        0.745,
        0.781,
        0.723,
        0.312,
        0.76,
        0.637,
        0.535
      ],
      [
        0.563,
        0.643,
        0.547,
        1.0,
        0.763,
        0.681,
        0.623,
        0.689,
        0.669,
        0.729,
        0.403,
        0.563,
        0.609,
        0.645,
        0.843,
        0.63,
        0.848,
        0.296,
        0.705,
        0.726,
        0.426
      ],
      [
        0.74,
        0.781,
        0.708,
        0.763,
        1.0,
        0.879,
        0.703,
        0.699,
        0.666,
        0.897,
        0.41,
        0.741,
        0.808,
        0.822,
        0.882,
        0.869,
        0.905,
        0.534,
        0.871,
        0.72,
        0.602
      ],
      [
        0.686,
        0.77,
        0.66,
        0.681,
        0.879,
        1.0,
        0.69,
        0.655,
        0.651,
        0.851,
        0.393,
        0.749,
        0.85,
        0.698,
        0.82,
        0.866,
        0.832,
        0.531,
        0.821,
        0.627,
        0.633
      ],
      [
        0.568,
        0.707,
        0.468,
        0.623,
        0.703,
        0.69,
        1.0,
        0.823,
        0.79,
        0.651,
        0.443,
        0.56,
        0.606,
        0.645,
        0.638,
        0.665,
        0.755,
        0.454,
        0.627,
        0.622,
        0.517
      ],
      [
        0.542,
        0.735,
        0.411,
        0.689,
        0.699,
        0.655,
        0.823,
        1.0,
        0.912,
        0.658,
        0.46,
        0.606,
        0.611,
        0.727,
        0.73,
        0.63,
        0.807,
        0.245,
        0.647,
        0.606,
        0.324
      ],
      [
        0.542,
        0.684,
        0.393,
        0.669,
        0.666,
        0.651,
        0.79,
        0.912,
        1.0,
        0.644,
        0.419,
        0.594,
        0.591,
        0.726,
        0.7,
        0.612,
        0.766,
        0.284,
        0.671,
        0.562,
        0.269
      ],
      [
        0.654,
        0.698,
        0.683,
        0.729,
        0.897,
        0.851,
        0.651,
        0.658,
        0.644,
        1.0,
        0.336,
        0.696,
        0.766,
        0.751,
        0.835,
        0.922,
        0.859,
        0.575,
        0.902,
        0.687,
        0.604
      ],
      [
        0.168,
        0.357,
        0.228,
        0.403,
        0.41,
        0.393,
        0.443,
        0.46,
        0.419,
        0.336,
        1.0,
        0.352,
        0.253,
        0.365,
        0.342,
        0.288,
        0.463,
        0.158,
        0.251,
        0.163,
        0.171
      ],
      [
        0.552,
        0.663,
        0.452,
        0.563,
        0.741,
        0.749,
        0.56,
        0.606,
        0.594,
        0.696,
        0.352,
        1.0,
        0.629,
        0.675,
        0.72,
        0.632,
        0.697,
        0.266,
        0.652,
        0.531,
        0.425
      ],
      [
        0.781,
        0.733,
        0.737,
        0.609,
        0.808,
        0.85,
        0.606,
        0.611,
        0.591,
        0.766,
        0.253,
        0.629,
        1.0,
        0.604,
        0.754,
        0.814,
        0.822,
        0.524,
        0.822,
        0.714,
        0.658
      ],
      [
        0.587,
        0.719,
        0.615,
        0.645,
        0.822,
        0.698,
        0.645,
        0.727,
        0.726,
        0.751,
        0.365,
        0.675,
        0.604,
        1.0,
        0.817,
        0.748,
        0.808,
        0.361,
        0.801,
        0.553,
        0.302
      ],
      [
        0.671,
        0.776,
        0.745,
        0.843,
        0.882,
        0.82,
        0.638,
        0.73,
        0.7,
        0.835,
        0.342,
        0.72,
        0.754,
        0.817,
        1.0,
        0.813,
        0.913,
        0.377,
        0.846,
        0.756,
        0.474
      ],
      [
        0.675,
        0.733,
        0.781,
        0.63,
        0.869,
        0.866,
        0.665,
        0.63,
        0.612,
        0.922,
        0.288,
        0.632,
        0.814,
        0.748,
        0.813,
        1.0,
        0.831,
        0.568,
        0.896,
        0.719,
        0.548
      ],
      [
        0.735,
        0.789,
        0.723,
        0.848,
        0.905,
        0.832,
        0.755,
        0.807,
        0.766,
        0.859,
        0.463,
        0.697,
        0.822,
        0.808,
        0.913,
        0.831,
        1.0,
        0.466,
        0.872,
        0.739,
        0.555
      ],
      [
        0.427,
        0.311,
        0.312,
        0.296,
        0.534,
        0.531,
        0.454,
        0.245,
        0.284,
        0.575,
        0.158,
        0.266,
        0.524,
        0.361,
        0.377,
        0.568,
        0.466,
        1.0,
        0.54,
        0.444,
        0.496
      ],
      [
        0.766,
        0.779,
        0.76,
        0.705,
        0.871,
        0.821,
        0.627,
        0.647,
        0.671,
        0.902,
        0.251,
        0.652,
        0.822,
        0.801,
        0.846,
        0.896,
        0.872,
        0.54,
        1.0,
        0.735,
        0.555
      ],
      [
        0.662,
        0.645,
        0.637,
        0.726,
        0.72,
        0.627,
        0.622,
        0.606,
        0.562,
        0.687,
        0.163,
        0.531,
        0.714,
        0.553,
        0.756,
        0.719,
        0.739,
        0.444,
        0.735,
        1.0,
        0.505
      ],
      [
        0.575,
        0.42,
        0.535,
        0.426,
        0.602,
        0.633,
        0.517,
        0.324,
        0.269,
        0.604,
        0.171,
        0.425,
        0.658,
        0.302,
        0.474,
        0.548,
        0.555,
        0.496,
        0.555,
        0.505,
        1.0
      ]
    ],
    "top_pairs": [
      {
        "pair": "地产/基建 ↔ 消费/医药/传媒",
        "correlation": 0.922
      },
      {
        "pair": "汽车零部件 ↔ 消费电子/元器件",
        "correlation": 0.913
      },
      {
        "pair": "半导体设备 ↔ 半导体零部件",
        "correlation": 0.912
      },
      {
        "pair": "其他 ↔ 消费电子/元器件",
        "correlation": 0.905
      },
      {
        "pair": "地产/基建 ↔ 软件与IT服务",
        "correlation": 0.902
      },
      {
        "pair": "其他 ↔ 地产/基建",
        "correlation": 0.897
      },
      {
        "pair": "消费/医药/传媒 ↔ 软件与IT服务",
        "correlation": 0.896
      },
      {
        "pair": "其他 ↔ 汽车零部件",
        "correlation": 0.882
      },
      {
        "pair": "其他 ↔ 化工/材料",
        "correlation": 0.879
      },
      {
        "pair": "消费电子/元器件 ↔ 软件与IT服务",
        "correlation": 0.872
      }
    ]
  },
  "stock_chain_corr": [
    {
      "code": "000026.SZ",
      "name": "飞亚达",
      "group": "消费/医药/传媒",
      "corr_chain1": -0.051,
      "corr_chain2": 0,
      "beta_chain1": 0,
      "beta_chain2": 0
    },
    {
      "code": "000029.SZ",
      "name": "深深房Ａ",
      "group": "地产/基建",
      "corr_chain1": -0.014,
      "corr_chain2": 0,
      "beta_chain1": 0,
      "beta_chain2": 0
    },
    {
      "code": "000060.SZ",
      "name": "中金岭南",
      "group": "化工/材料",
      "corr_chain1": 0.423,
      "corr_chain2": 0,
      "beta_chain1": 0,
      "beta_chain2": 0
    },
    {
      "code": "000062.SZ",
      "name": "深圳华强",
      "group": "消费电子/元器件",
      "corr_chain1": 0.829,
      "corr_chain2": 0,
      "beta_chain1": 0,
      "beta_chain2": 0
    },
    {
      "code": "000066.SZ",
      "name": "中国长城",
      "group": "AI算力",
      "corr_chain1": 0.329,
      "corr_chain2": 0,
      "beta_chain1": 0,
      "beta_chain2": 0
    },
    {
      "code": "000338.SZ",
      "name": "潍柴动力",
      "group": "汽车零部件",
      "corr_chain1": 0.439,
      "corr_chain2": 0,
      "beta_chain1": 0,
      "beta_chain2": 0
    },
    {
      "code": "000402.SZ",
      "name": "金融街",
      "group": "地产/基建",
      "corr_chain1": 0.273,
      "corr_chain2": 0,
      "beta_chain1": 0,
      "beta_chain2": 0
    },
    {
      "code": "000539.SZ",
      "name": "粤电力Ａ",
      "group": "电力运营",
      "corr_chain1": 0.423,
      "corr_chain2": 0,
      "beta_chain1": 0,
      "beta_chain2": 0
    },
    {
      "code": "000593.SZ",
      "name": "德龙汇能",
      "group": "电力运营",
      "corr_chain1": -0.169,
      "corr_chain2": 0,
      "beta_chain1": 0,
      "beta_chain2": 0
    },
    {
      "code": "000601.SZ",
      "name": "韶能股份",
      "group": "电力运营",
      "corr_chain1": 0.221,
      "corr_chain2": 0,
      "beta_chain1": 0,
      "beta_chain2": 0
    },
    {
      "code": "000609.SZ",
      "name": "*ST中迪",
      "group": "地产/基建",
      "corr_chain1": -0.363,
      "corr_chain2": 0,
      "beta_chain1": 0,
      "beta_chain2": 0
    },
    {
      "code": "000636.SZ",
      "name": "风华高科",
      "group": "消费电子/元器件",
      "corr_chain1": 0.433,
      "corr_chain2": 0,
      "beta_chain1": 0,
      "beta_chain2": 0
    },
    {
      "code": "000697.SZ",
      "name": "炼石航空",
      "group": "低空经济/航空",
      "corr_chain1": -0.124,
      "corr_chain2": 0,
      "beta_chain1": 0,
      "beta_chain2": 0
    },
    {
      "code": "000703.SZ",
      "name": "恒逸石化",
      "group": "化工/材料",
      "corr_chain1": 0.149,
      "corr_chain2": 0,
      "beta_chain1": 0,
      "beta_chain2": 0
    },
    {
      "code": "000711.SZ",
      "name": "ST京蓝",
      "group": "其他",
      "corr_chain1": 0.177,
      "corr_chain2": 0,
      "beta_chain1": 0,
      "beta_chain2": 0
    },
    {
      "code": "000767.SZ",
      "name": "晋控电力",
      "group": "电力运营",
      "corr_chain1": 0.21,
      "corr_chain2": 0,
      "beta_chain1": 0,
      "beta_chain2": 0
    },
    {
      "code": "000782.SZ",
      "name": "恒申新材",
      "group": "化工/材料",
      "corr_chain1": 0.287,
      "corr_chain2": 0,
      "beta_chain1": 0,
      "beta_chain2": 0
    },
    {
      "code": "000791.SZ",
      "name": "甘肃能源",
      "group": "电力运营",
      "corr_chain1": 0.472,
      "corr_chain2": 0,
      "beta_chain1": 0,
      "beta_chain2": 0
    },
    {
      "code": "000811.SZ",
      "name": "冰轮环境",
      "group": "工业设备/通用机械",
      "corr_chain1": 0.352,
      "corr_chain2": 0,
      "beta_chain1": 0,
      "beta_chain2": 0
    },
    {
      "code": "000889.SZ",
      "name": "中嘉博创",
      "group": "通信/6G",
      "corr_chain1": 0.233,
      "corr_chain2": 0,
      "beta_chain1": 0,
      "beta_chain2": 0
    },
    {
      "code": "000925.SZ",
      "name": "众合科技",
      "group": "工业设备/通用机械",
      "corr_chain1": 0.308,
      "corr_chain2": 0,
      "beta_chain1": 0,
      "beta_chain2": 0
    },
    {
      "code": "000967.SZ",
      "name": "盈峰环境",
      "group": "其他",
      "corr_chain1": 0.085,
      "corr_chain2": 0,
      "beta_chain1": 0,
      "beta_chain2": 0
    },
    {
      "code": "000988.SZ",
      "name": "华工科技",
      "group": "光通信与光学",
      "corr_chain1": 0.39,
      "corr_chain2": 0,
      "beta_chain1": 0,
      "beta_chain2": 0
    },
    {
      "code": "000990.SZ",
      "name": "诚志股份",
      "group": "化工/材料",
      "corr_chain1": 0.284,
      "corr_chain2": 0,
      "beta_chain1": 0,
      "beta_chain2": 0
    },
    {
      "code": "001210.SZ",
      "name": "金房能源",
      "group": "电力运营",
      "corr_chain1": -0.026,
      "corr_chain2": 0,
      "beta_chain1": 0,
      "beta_chain2": 0
    },
    {
      "code": "001211.SZ",
      "name": "双枪科技",
      "group": "消费/医药/传媒",
      "corr_chain1": 0.091,
      "corr_chain2": 0,
      "beta_chain1": 0,
      "beta_chain2": 0
    },
    {
      "code": "001234.SZ",
      "name": "泰慕士",
      "group": "消费/医药/传媒",
      "corr_chain1": 0.26,
      "corr_chain2": 0,
      "beta_chain1": 0,
      "beta_chain2": 0
    },
    {
      "code": "001259.SZ",
      "name": "利仁科技",
      "group": "消费/医药/传媒",
      "corr_chain1": 0.141,
      "corr_chain2": 0,
      "beta_chain1": 0,
      "beta_chain2": 0
    },
    {
      "code": "001266.SZ",
      "name": "宏英智能",
      "group": "工业设备/通用机械",
      "corr_chain1": 0.068,
      "corr_chain2": 0,
      "beta_chain1": 0,
      "beta_chain2": 0
    },
    {
      "code": "001267.SZ",
      "name": "汇绿生态",
      "group": "地产/基建",
      "corr_chain1": -0.423,
      "corr_chain2": 0,
      "beta_chain1": 0,
      "beta_chain2": 0
    },
    {
      "code": "001268.SZ",
      "name": "联合精密",
      "group": "工业设备/通用机械",
      "corr_chain1": 0.2,
      "corr_chain2": 0,
      "beta_chain1": 0,
      "beta_chain2": 0
    },
    {
      "code": "001270.SZ",
      "name": "*ST铖昌",
      "group": "IC设计",
      "corr_chain1": -0.066,
      "corr_chain2": 0,
      "beta_chain1": 0,
      "beta_chain2": 0
    },
    {
      "code": "001309.SZ",
      "name": "德明利",
      "group": "IC设计",
      "corr_chain1": 0.311,
      "corr_chain2": 0,
      "beta_chain1": 0,
      "beta_chain2": 0
    },
    {
      "code": "001314.SZ",
      "name": "亿道信息",
      "group": "消费电子/元器件",
      "corr_chain1": 0.162,
      "corr_chain2": 0,
      "beta_chain1": 0,
      "beta_chain2": 0
    },
    {
      "code": "001330.SZ",
      "name": "博纳影业",
      "group": "消费/医药/传媒",
      "corr_chain1": 0.085,
      "corr_chain2": 0,
      "beta_chain1": 0,
      "beta_chain2": 0
    },
    {
      "code": "001339.SZ",
      "name": "智微智能",
      "group": "AI算力",
      "corr_chain1": 0.34,
      "corr_chain2": 0,
      "beta_chain1": 0,
      "beta_chain2": 0
    },
    {
      "code": "001359.SZ",
      "name": "平安电工",
      "group": "新能源/电力设备",
      "corr_chain1": 0.454,
      "corr_chain2": 0,
      "beta_chain1": 0,
      "beta_chain2": 0
    },
    {
      "code": "001389.SZ",
      "name": "广合科技",
      "group": "消费电子/元器件",
      "corr_chain1": 0.766,
      "corr_chain2": 0,
      "beta_chain1": 0,
      "beta_chain2": 0
    },
    {
      "code": "001896.SZ",
      "name": "豫能控股",
      "group": "电力运营",
      "corr_chain1": 0.399,
      "corr_chain2": 0,
      "beta_chain1": 0,
      "beta_chain2": 0
    },
    {
      "code": "002008.SZ",
      "name": "大族激光",
      "group": "工业设备/通用机械",
      "corr_chain1": 0.452,
      "corr_chain2": 0,
      "beta_chain1": 0,
      "beta_chain2": 0
    },
    {
      "code": "002015.SZ",
      "name": "协鑫能科",
      "group": "电力运营",
      "corr_chain1": 0.166,
      "corr_chain2": 0,
      "beta_chain1": 0,
      "beta_chain2": 0
    },
    {
      "code": "002031.SZ",
      "name": "巨轮智能",
      "group": "机器人/自动化",
      "corr_chain1": -0.17,
      "corr_chain2": 0,
      "beta_chain1": 0,
      "beta_chain2": 0
    },
    {
      "code": "002046.SZ",
      "name": "国机精工",
      "group": "工业设备/通用机械",
      "corr_chain1": 0.356,
      "corr_chain2": 0,
      "beta_chain1": 0,
      "beta_chain2": 0
    },
    {
      "code": "002062.SZ",
      "name": "宏润建设",
      "group": "地产/基建",
      "corr_chain1": 0.227,
      "corr_chain2": 0,
      "beta_chain1": 0,
      "beta_chain2": 0
    },
    {
      "code": "002079.SZ",
      "name": "苏州固锝",
      "group": "消费电子/元器件",
      "corr_chain1": 0.641,
      "corr_chain2": 0,
      "beta_chain1": 0,
      "beta_chain2": 0
    },
    {
      "code": "002080.SZ",
      "name": "中材科技",
      "group": "化工/材料",
      "corr_chain1": 0.064,
      "corr_chain2": 0,
      "beta_chain1": 0,
      "beta_chain2": 0
    },
    {
      "code": "002081.SZ",
      "name": "金螳螂",
      "group": "地产/基建",
      "corr_chain1": 0.257,
      "corr_chain2": 0,
      "beta_chain1": 0,
      "beta_chain2": 0
    },
    {
      "code": "002132.SZ",
      "name": "恒星科技",
      "group": "化工/材料",
      "corr_chain1": -0.382,
      "corr_chain2": 0,
      "beta_chain1": 0,
      "beta_chain2": 0
    },
    {
      "code": "002134.SZ",
      "name": "天津普林",
      "group": "消费电子/元器件",
      "corr_chain1": -0.139,
      "corr_chain2": 0,
      "beta_chain1": 0,
      "beta_chain2": 0
    },
    {
      "code": "002135.SZ",
      "name": "东南网架",
      "group": "地产/基建",
      "corr_chain1": 0.331,
      "corr_chain2": 0,
      "beta_chain1": 0,
      "beta_chain2": 0
    },
    {
      "code": "002149.SZ",
      "name": "西部材料",
      "group": "化工/材料",
      "corr_chain1": 0.244,
      "corr_chain2": 0,
      "beta_chain1": 0,
      "beta_chain2": 0
    },
    {
      "code": "002156.SZ",
      "name": "通富微电",
      "group": "封测与基板",
      "corr_chain1": 0.712,
      "corr_chain2": 0,
      "beta_chain1": 0,
      "beta_chain2": 0
    },
    {
      "code": "002158.SZ",
      "name": "汉钟精机",
      "group": "半导体零部件",
      "corr_chain1": 0.591,
      "corr_chain2": 0,
      "beta_chain1": 0,
      "beta_chain2": 0
    },
    {
      "code": "002176.SZ",
      "name": "江特电机",
      "group": "新能源/电力设备",
      "corr_chain1": 0.524,
      "corr_chain2": 0,
      "beta_chain1": 0,
      "beta_chain2": 0
    },
    {
      "code": "002181.SZ",
      "name": "粤传媒",
      "group": "消费/医药/传媒",
      "corr_chain1": 0.113,
      "corr_chain2": 0,
      "beta_chain1": 0,
      "beta_chain2": 0
    },
    {
      "code": "002183.SZ",
      "name": "怡亚通",
      "group": "消费/医药/传媒",
      "corr_chain1": 0.373,
      "corr_chain2": 0,
      "beta_chain1": 0,
      "beta_chain2": 0
    },
    {
      "code": "002192.SZ",
      "name": "融捷股份",
      "group": "化工/材料",
      "corr_chain1": 0.322,
      "corr_chain2": 0,
      "beta_chain1": 0,
      "beta_chain2": 0
    },
    {
      "code": "002199.SZ",
      "name": "*ST东晶",
      "group": "消费电子/元器件",
      "corr_chain1": 0.166,
      "corr_chain2": 0,
      "beta_chain1": 0,
      "beta_chain2": 0
    },
    {
      "code": "002203.SZ",
      "name": "海亮股份",
      "group": "化工/材料",
      "corr_chain1": 0.118,
      "corr_chain2": 0,
      "beta_chain1": 0,
      "beta_chain2": 0
    },
    {
      "code": "002207.SZ",
      "name": "*ST准油",
      "group": "其他",
      "corr_chain1": 0.11,
      "corr_chain2": 0,
      "beta_chain1": 0,
      "beta_chain2": 0
    },
    {
      "code": "002208.SZ",
      "name": "合肥城建",
      "group": "地产/基建",
      "corr_chain1": 0.01,
      "corr_chain2": 0,
      "beta_chain1": 0,
      "beta_chain2": 0
    },
    {
      "code": "002213.SZ",
      "name": "大为股份",
      "group": "汽车零部件",
      "corr_chain1": 0.344,
      "corr_chain2": 0,
      "beta_chain1": 0,
      "beta_chain2": 0
    },
    {
      "code": "002222.SZ",
      "name": "福晶科技",
      "group": "光通信与光学",
      "corr_chain1": -0.02,
      "corr_chain2": 0,
      "beta_chain1": 0,
      "beta_chain2": 0
    },
    {
      "code": "002240.SZ",
      "name": "盛新锂能",
      "group": "化工/材料",
      "corr_chain1": 0.14,
      "corr_chain2": 0,
      "beta_chain1": 0,
      "beta_chain2": 0
    },
    {
      "code": "002245.SZ",
      "name": "蔚蓝锂芯",
      "group": "新能源/电力设备",
      "corr_chain1": -0.048,
      "corr_chain2": 0,
      "beta_chain1": 0,
      "beta_chain2": 0
    },
    {
      "code": "002254.SZ",
      "name": "泰和新材",
      "group": "化工/材料",
      "corr_chain1": -0.257,
      "corr_chain2": 0,
      "beta_chain1": 0,
      "beta_chain2": 0
    },
    {
      "code": "002256.SZ",
      "name": "兆新股份",
      "group": "新能源/电力设备",
      "corr_chain1": 0.175,
      "corr_chain2": 0,
      "beta_chain1": 0,
      "beta_chain2": 0
    },
    {
      "code": "002273.SZ",
      "name": "水晶光电",
      "group": "光通信与光学",
      "corr_chain1": 0.596,
      "corr_chain2": 0,
      "beta_chain1": 0,
      "beta_chain2": 0
    },
    {
      "code": "002281.SZ",
      "name": "光迅科技",
      "group": "光通信与光学",
      "corr_chain1": 0.137,
      "corr_chain2": 0,
      "beta_chain1": 0,
      "beta_chain2": 0
    },
    {
      "code": "002290.SZ",
      "name": "禾盛新材",
      "group": "消费/医药/传媒",
      "corr_chain1": 0.452,
      "corr_chain2": 0,
      "beta_chain1": 0,
      "beta_chain2": 0
    },
    {
      "code": "002297.SZ",
      "name": "博云新材",
      "group": "低空经济/航空",
      "corr_chain1": 0.022,
      "corr_chain2": 0,
      "beta_chain1": 0,
      "beta_chain2": 0
    },
    {
      "code": "002328.SZ",
      "name": "新朋股份",
      "group": "汽车零部件",
      "corr_chain1": 0.406,
      "corr_chain2": 0,
      "beta_chain1": 0,
      "beta_chain2": 0
    },
    {
      "code": "002342.SZ",
      "name": "巨力索具",
      "group": "工业设备/通用机械",
      "corr_chain1": 0.165,
      "corr_chain2": 0,
      "beta_chain1": 0,
      "beta_chain2": 0
    },
    {
      "code": "002348.SZ",
      "name": "高乐股份",
      "group": "消费/医药/传媒",
      "corr_chain1": 0.172,
      "corr_chain2": 0,
      "beta_chain1": 0,
      "beta_chain2": 0
    },
    {
      "code": "002353.SZ",
      "name": "杰瑞股份",
      "group": "工业设备/通用机械",
      "corr_chain1": 0.259,
      "corr_chain2": 0,
      "beta_chain1": 0,
      "beta_chain2": 0
    },
    {
      "code": "002361.SZ",
      "name": "神剑股份",
      "group": "化工/材料",
      "corr_chain1": 0.38,
      "corr_chain2": 0,
      "beta_chain1": 0,
      "beta_chain2": 0
    },
    {
      "code": "002364.SZ",
      "name": "中恒电气",
      "group": "新能源/电力设备",
      "corr_chain1": 0.212,
      "corr_chain2": 0,
      "beta_chain1": 0,
      "beta_chain2": 0
    },
    {
      "code": "002371.SZ",
      "name": "北方华创",
      "group": "半导体设备",
      "corr_chain1": 0.669,
      "corr_chain2": 0,
      "beta_chain1": 0,
      "beta_chain2": 0
    },
    {
      "code": "002380.SZ",
      "name": "科远智慧",
      "group": "软件与IT服务",
      "corr_chain1": -0.342,
      "corr_chain2": 0,
      "beta_chain1": 0,
      "beta_chain2": 0
    },
    {
      "code": "002384.SZ",
      "name": "东山精密",
      "group": "消费电子/元器件",
      "corr_chain1": 0.355,
      "corr_chain2": 0,
      "beta_chain1": 0,
      "beta_chain2": 0
    },
    {
      "code": "002392.SZ",
      "name": "北京利尔",
      "group": "化工/材料",
      "corr_chain1": 0.038,
      "corr_chain2": 0,
      "beta_chain1": 0,
      "beta_chain2": 0
    },
    {
      "code": "002397.SZ",
      "name": "梦洁股份",
      "group": "消费/医药/传媒",
      "corr_chain1": 0.002,
      "corr_chain2": 0,
      "beta_chain1": 0,
      "beta_chain2": 0
    },
    {
      "code": "002407.SZ",
      "name": "多氟多",
      "group": "化工/材料",
      "corr_chain1": 0.295,
      "corr_chain2": 0,
      "beta_chain1": 0,
      "beta_chain2": 0
    },
    {
      "code": "002409.SZ",
      "name": "雅克科技",
      "group": "半导体零部件",
      "corr_chain1": 0.022,
      "corr_chain2": 0,
      "beta_chain1": 0,
      "beta_chain2": 0
    },
    {
      "code": "002418.SZ",
      "name": "康盛股份",
      "group": "消费/医药/传媒",
      "corr_chain1": 0.42,
      "corr_chain2": 0,
      "beta_chain1": 0,
      "beta_chain2": 0
    },
    {
      "code": "002428.SZ",
      "name": "云南锗业",
      "group": "化工/材料",
      "corr_chain1": 0.201,
      "corr_chain2": 0,
      "beta_chain1": 0,
      "beta_chain2": 0
    },
    {
      "code": "002429.SZ",
      "name": "兆驰股份",
      "group": "消费电子/元器件",
      "corr_chain1": 0.234,
      "corr_chain2": 0,
      "beta_chain1": 0,
      "beta_chain2": 0
    },
    {
      "code": "002436.SZ",
      "name": "兴森科技",
      "group": "消费电子/元器件",
      "corr_chain1": 0.331,
      "corr_chain2": 0,
      "beta_chain1": 0,
      "beta_chain2": 0
    },
    {
      "code": "002443.SZ",
      "name": "金洲管道",
      "group": "化工/材料",
      "corr_chain1": -0.228,
      "corr_chain2": 0,
      "beta_chain1": 0,
      "beta_chain2": 0
    },
    {
      "code": "002463.SZ",
      "name": "沪电股份",
      "group": "消费电子/元器件",
      "corr_chain1": 0.298,
      "corr_chain2": 0,
      "beta_chain1": 0,
      "beta_chain2": 0
    },
    {
      "code": "002466.SZ",
      "name": "天齐锂业",
      "group": "化工/材料",
      "corr_chain1": 0.389,
      "corr_chain2": 0,
      "beta_chain1": 0,
      "beta_chain2": 0
    },
    {
      "code": "002475.SZ",
      "name": "立讯精密",
      "group": "消费电子/元器件",
      "corr_chain1": 0.609,
      "corr_chain2": 0,
      "beta_chain1": 0,
      "beta_chain2": 0
    },
    {
      "code": "002484.SZ",
      "name": "江海股份",
      "group": "消费电子/元器件",
      "corr_chain1": 0.491,
      "corr_chain2": 0,
      "beta_chain1": 0,
      "beta_chain2": 0
    },
    {
      "code": "002491.SZ",
      "name": "通鼎互联",
      "group": "通信/6G",
      "corr_chain1": 0.337,
      "corr_chain2": 0,
      "beta_chain1": 0,
      "beta_chain2": 0
    },
    {
      "code": "002497.SZ",
      "name": "雅化集团",
      "group": "化工/材料",
      "corr_chain1": 0.194,
      "corr_chain2": 0,
      "beta_chain1": 0,
      "beta_chain2": 0
    },
    {
      "code": "002498.SZ",
      "name": "汉缆股份",
      "group": "新能源/电力设备",
      "corr_chain1": 0.242,
      "corr_chain2": 0,
      "beta_chain1": 0,
      "beta_chain2": 0
    },
    {
      "code": "002512.SZ",
      "name": "ST达华",
      "group": "消费电子/元器件",
      "corr_chain1": 0.161,
      "corr_chain2": 0,
      "beta_chain1": 0,
      "beta_chain2": 0
    },
    {
      "code": "002515.SZ",
      "name": "金字火腿",
      "group": "消费/医药/传媒",
      "corr_chain1": 0.062,
      "corr_chain2": 0,
      "beta_chain1": 0,
      "beta_chain2": 0
    },
    {
      "code": "002536.SZ",
      "name": "飞龙股份",
      "group": "汽车零部件",
      "corr_chain1": 0.081,
      "corr_chain2": 0,
      "beta_chain1": 0,
      "beta_chain2": 0
    },
    {
      "code": "002552.SZ",
      "name": "宝鼎科技",
      "group": "消费电子/元器件",
      "corr_chain1": 0.164,
      "corr_chain2": 0,
      "beta_chain1": 0,
      "beta_chain2": 0
    },
    {
      "code": "002565.SZ",
      "name": "顺灏股份",
      "group": "消费/医药/传媒",
      "corr_chain1": 0.52,
      "corr_chain2": 0,
      "beta_chain1": 0,
      "beta_chain2": 0
    },
    {
      "code": "002569.SZ",
      "name": "*ST步森",
      "group": "消费/医药/传媒",
      "corr_chain1": 0.072,
      "corr_chain2": 0,
      "beta_chain1": 0,
      "beta_chain2": 0
    },
    {
      "code": "002580.SZ",
      "name": "圣阳股份",
      "group": "新能源/电力设备",
      "corr_chain1": 0.321,
      "corr_chain2": 0,
      "beta_chain1": 0,
      "beta_chain2": 0
    },
    {
      "code": "002591.SZ",
      "name": "恒大高新",
      "group": "其他",
      "corr_chain1": 0.052,
      "corr_chain2": 0,
      "beta_chain1": 0,
      "beta_chain2": 0
    },
    {
      "code": "002606.SZ",
      "name": "大连电瓷",
      "group": "新能源/电力设备",
      "corr_chain1": 0.171,
      "corr_chain2": 0,
      "beta_chain1": 0,
      "beta_chain2": 0
    },
    {
      "code": "002631.SZ",
      "name": "德尔未来",
      "group": "消费/医药/传媒",
      "corr_chain1": 0.434,
      "corr_chain2": 0,
      "beta_chain1": 0,
      "beta_chain2": 0
    },
    {
      "code": "002636.SZ",
      "name": "金安国纪",
      "group": "消费电子/元器件",
      "corr_chain1": 0.44,
      "corr_chain2": 0,
      "beta_chain1": 0,
      "beta_chain2": 0
    },
    {
      "code": "002640.SZ",
      "name": "跨境通",
      "group": "消费/医药/传媒",
      "corr_chain1": 0.426,
      "corr_chain2": 0,
      "beta_chain1": 0,
      "beta_chain2": 0
    },
    {
      "code": "002645.SZ",
      "name": "华宏科技",
      "group": "工业设备/通用机械",
      "corr_chain1": 0.573,
      "corr_chain2": 0,
      "beta_chain1": 0,
      "beta_chain2": 0
    },
    {
      "code": "002647.SZ",
      "name": "仁东控股",
      "group": "金融/综合",
      "corr_chain1": 0.01,
      "corr_chain2": 0,
      "beta_chain1": 0,
      "beta_chain2": 0
    },
    {
      "code": "002652.SZ",
      "name": "扬子新材",
      "group": "化工/材料",
      "corr_chain1": -0.177,
      "corr_chain2": 0,
      "beta_chain1": 0,
      "beta_chain2": 0
    },
    {
      "code": "002655.SZ",
      "name": "共达电声",
      "group": "消费电子/元器件",
      "corr_chain1": -0.3,
      "corr_chain2": 0,
      "beta_chain1": 0,
      "beta_chain2": 0
    },
    {
      "code": "002693.SZ",
      "name": "*ST双成",
      "group": "消费/医药/传媒",
      "corr_chain1": 0.004,
      "corr_chain2": 0,
      "beta_chain1": 0,
      "beta_chain2": 0
    },
    {
      "code": "002708.SZ",
      "name": "光洋股份",
      "group": "汽车零部件",
      "corr_chain1": 0.489,
      "corr_chain2": 0,
      "beta_chain1": 0,
      "beta_chain2": 0
    },
    {
      "code": "002709.SZ",
      "name": "天赐材料",
      "group": "化工/材料",
      "corr_chain1": 0.514,
      "corr_chain2": 0,
      "beta_chain1": 0,
      "beta_chain2": 0
    },
    {
      "code": "002741.SZ",
      "name": "光华科技",
      "group": "化工/材料",
      "corr_chain1": 0.427,
      "corr_chain2": 0,
      "beta_chain1": 0,
      "beta_chain2": 0
    },
    {
      "code": "002757.SZ",
      "name": "南兴股份",
      "group": "工业设备/通用机械",
      "corr_chain1": 0.482,
      "corr_chain2": 0,
      "beta_chain1": 0,
      "beta_chain2": 0
    },
    {
      "code": "002782.SZ",
      "name": "可立克",
      "group": "消费电子/元器件",
      "corr_chain1": 0.426,
      "corr_chain2": 0,
      "beta_chain1": 0,
      "beta_chain2": 0
    },
    {
      "code": "002785.SZ",
      "name": "万里石",
      "group": "地产/基建",
      "corr_chain1": 0.245,
      "corr_chain2": 0,
      "beta_chain1": 0,
      "beta_chain2": 0
    },
    {
      "code": "002787.SZ",
      "name": "华源控股",
      "group": "其他",
      "corr_chain1": 0.34,
      "corr_chain2": 0,
      "beta_chain1": 0,
      "beta_chain2": 0
    },
    {
      "code": "002798.SZ",
      "name": "帝欧水华",
      "group": "消费/医药/传媒",
      "corr_chain1": -0.303,
      "corr_chain2": 0,
      "beta_chain1": 0,
      "beta_chain2": 0
    },
    {
      "code": "002803.SZ",
      "name": "吉宏股份",
      "group": "消费/医药/传媒",
      "corr_chain1": 0.283,
      "corr_chain2": 0,
      "beta_chain1": 0,
      "beta_chain2": 0
    },
    {
      "code": "002805.SZ",
      "name": "丰元股份",
      "group": "新能源/电力设备",
      "corr_chain1": 0.363,
      "corr_chain2": 0,
