{
  "generated": "2026-06-19T17:30:10.138703",
  "chain_correlation": NaN,
  "group_matrix_20d": {
    "groups": [
      "AI算力",
      "IC设计",
      "低空经济/航空",
      "光通信与光学",
      "其他",
      "化工/材料",
      "半导体材料",
      "半导体设备",
      "半导体零部件",
      "地产/基建",
      "封测与基板",
      "工业设备/通用机械",
      "待分类",
      "新能源/电力设备",
      "机器人/自动化",
      "汽车零部件",
      "消费/医药/传媒",
      "消费电子/元器件",
      "生物医药",
      "电力运营",
      "软件与IT服务",
      "通信/6G",
      "金融/综合"
    ],
    "dates": [
      "20260522",
      "20260525",
      "20260526",
      "20260527",
      "20260528",
      "20260529",
      "20260601",
      "20260602",
      "20260603",
      "20260604",
      "20260605",
      "20260608",
      "20260609",
      "20260610",
      "20260611",
      "20260612",
      "20260615",
      "20260616",
      "20260617",
      "20260618"
    ],
    "window_days": 20,
    "matrix": [
      [
        1.0,
        0.838,
        0.736,
        0.792,
        0.213,
        0.78,
        0.584,
        0.81,
        0.663,
        0.26,
        0.715,
        0.725,
        0.679,
        0.694,
        0.554,
        0.833,
        0.642,
        0.723,
        0.166,
        0.259,
        0.748,
        0.743,
        0.773
      ],
      [
        0.838,
        1.0,
        0.729,
        0.88,
        0.36,
        0.837,
        0.768,
        0.947,
        0.827,
        0.078,
        0.854,
        0.857,
        0.709,
        0.78,
        0.556,
        0.82,
        0.485,
        0.892,
        0.009,
        0.418,
        0.666,
        0.787,
        0.772
      ],
      [
        0.736,
        0.729,
        1.0,
        0.674,
        0.382,
        0.79,
        0.5,
        0.697,
        0.72,
        0.299,
        0.622,
        0.761,
        0.843,
        0.655,
        0.71,
        0.886,
        0.603,
        0.663,
        0.147,
        -0.039,
        0.744,
        0.619,
        0.765
      ],
      [
        0.792,
        0.88,
        0.674,
        1.0,
        0.409,
        0.825,
        0.702,
        0.831,
        0.793,
        0.069,
        0.734,
        0.858,
        0.706,
        0.794,
        0.572,
        0.767,
        0.587,
        0.885,
        -0.091,
        0.456,
        0.629,
        0.847,
        0.653
      ],
      [
        0.213,
        0.36,
        0.382,
        0.409,
        1.0,
        0.314,
        0.201,
        0.268,
        0.223,
        0.166,
        0.235,
        0.648,
        0.547,
        0.498,
        0.491,
        0.438,
        0.267,
        0.57,
        -0.338,
        0.144,
        0.575,
        0.528,
        0.295
      ],
      [
        0.78,
        0.837,
        0.79,
        0.825,
        0.314,
        1.0,
        0.701,
        0.805,
        0.861,
        0.351,
        0.668,
        0.871,
        0.839,
        0.844,
        0.518,
        0.853,
        0.768,
        0.84,
        0.156,
        0.197,
        0.808,
        0.71,
        0.854
      ],
      [
        0.584,
        0.768,
        0.5,
        0.702,
        0.201,
        0.701,
        1.0,
        0.802,
        0.876,
        0.174,
        0.664,
        0.66,
        0.394,
        0.512,
        0.295,
        0.621,
        0.357,
        0.663,
        -0.241,
        0.218,
        0.41,
        0.612,
        0.624
      ],
      [
        0.81,
        0.947,
        0.697,
        0.831,
        0.268,
        0.805,
        0.802,
        1.0,
        0.881,
        0.079,
        0.857,
        0.778,
        0.626,
        0.645,
        0.498,
        0.759,
        0.457,
        0.84,
        -0.059,
        0.341,
        0.639,
        0.747,
        0.708
      ],
      [
        0.663,
        0.827,
        0.72,
        0.793,
        0.223,
        0.861,
        0.876,
        0.881,
        1.0,
        0.255,
        0.713,
        0.748,
        0.649,
        0.617,
        0.458,
        0.748,
        0.556,
        0.771,
        0.014,
        0.175,
        0.576,
        0.674,
        0.75
      ],
      [
        0.26,
        0.078,
        0.299,
        0.069,
        0.166,
        0.351,
        0.174,
        0.079,
        0.255,
        1.0,
        -0.021,
        0.224,
        0.357,
        0.265,
        0.265,
        0.407,
        0.457,
        0.083,
        0.16,
        -0.298,
        0.504,
        0.212,
        0.467
      ],
      [
        0.715,
        0.854,
        0.622,
        0.734,
        0.235,
        0.668,
        0.664,
        0.857,
        0.713,
        -0.021,
        1.0,
        0.732,
        0.629,
        0.529,
        0.56,
        0.725,
        0.309,
        0.803,
        -0.14,
        0.397,
        0.597,
        0.6,
        0.669
      ],
      [
        0.725,
        0.857,
        0.761,
        0.858,
        0.648,
        0.871,
        0.66,
        0.778,
        0.748,
        0.224,
        0.732,
        1.0,
        0.873,
        0.869,
        0.659,
        0.857,
        0.666,
        0.939,
        -0.075,
        0.3,
        0.842,
        0.838,
        0.81
      ],
      [
        0.679,
        0.709,
        0.843,
        0.706,
        0.547,
        0.839,
        0.394,
        0.626,
        0.649,
        0.357,
        0.629,
        0.873,
        1.0,
        0.839,
        0.681,
        0.885,
        0.777,
        0.813,
        0.198,
        0.224,
        0.878,
        0.671,
        0.848
      ],
      [
        0.694,
        0.78,
        0.655,
        0.794,
        0.498,
        0.844,
        0.512,
        0.645,
        0.617,
        0.265,
        0.529,
        0.869,
        0.839,
        1.0,
        0.431,
        0.792,
        0.775,
        0.832,
        0.134,
        0.453,
        0.763,
        0.745,
        0.766
      ],
      [
        0.554,
        0.556,
        0.71,
        0.572,
        0.491,
        0.518,
        0.295,
        0.498,
        0.458,
        0.265,
        0.56,
        0.659,
        0.681,
        0.431,
        1.0,
        0.704,
        0.334,
        0.608,
        -0.008,
        -0.116,
        0.606,
        0.67,
        0.55
      ],
      [
        0.833,
        0.82,
        0.886,
        0.767,
        0.438,
        0.853,
        0.621,
        0.759,
        0.748,
        0.407,
        0.725,
        0.857,
        0.885,
        0.792,
        0.704,
        1.0,
        0.666,
        0.799,
        0.013,
        0.236,
        0.83,
        0.792,
        0.899
      ],
      [
        0.642,
        0.485,
        0.603,
        0.587,
        0.267,
        0.768,
        0.357,
        0.457,
        0.556,
        0.457,
        0.309,
        0.666,
        0.777,
        0.775,
        0.334,
        0.666,
        1.0,
        0.584,
        0.406,
        0.158,
        0.773,
        0.578,
        0.741
      ],
      [
        0.723,
        0.892,
        0.663,
        0.885,
        0.57,
        0.84,
        0.663,
        0.84,
        0.771,
        0.083,
        0.803,
        0.939,
        0.813,
        0.832,
        0.608,
        0.799,
        0.584,
        1.0,
        -0.098,
        0.419,
        0.76,
        0.82,
        0.731
      ],
      [
        0.166,
        0.009,
        0.147,
        -0.091,
        -0.338,
        0.156,
        -0.241,
        -0.059,
        0.014,
        0.16,
        -0.14,
        -0.075,
        0.198,
        0.134,
        -0.008,
        0.013,
        0.406,
        -0.098,
        1.0,
        -0.18,
        0.098,
        -0.13,
        0.282
      ],
      [
        0.259,
        0.418,
        -0.039,
        0.456,
        0.144,
        0.197,
        0.218,
        0.341,
        0.175,
        -0.298,
        0.397,
        0.3,
        0.224,
        0.453,
        -0.116,
        0.236,
        0.158,
        0.419,
        -0.18,
        1.0,
        0.107,
        0.378,
        0.212
      ],
      [
        0.748,
        0.666,
        0.744,
        0.629,
        0.575,
        0.808,
        0.41,
        0.639,
        0.576,
        0.504,
        0.597,
        0.842,
        0.878,
        0.763,
        0.606,
        0.83,
        0.773,
        0.76,
        0.098,
        0.107,
        1.0,
        0.684,
        0.796
      ],
      [
        0.743,
        0.787,
        0.619,
        0.847,
        0.528,
        0.71,
        0.612,
        0.747,
        0.674,
        0.212,
        0.6,
        0.838,
        0.671,
        0.745,
        0.67,
        0.792,
        0.578,
        0.82,
        -0.13,
        0.378,
        0.684,
        1.0,
        0.682
      ],
      [
        0.773,
        0.772,
        0.765,
        0.653,
        0.295,
        0.854,
        0.624,
        0.708,
        0.75,
        0.467,
        0.669,
        0.81,
        0.848,
        0.766,
        0.55,
        0.899,
        0.741,
        0.731,
        0.282,
        0.212,
        0.796,
        0.682,
        1.0
      ]
    ],
    "top_pairs": [
      {
        "pair": "IC设计 ↔ 半导体设备",
        "correlation": 0.947
      },
      {
        "pair": "工业设备/通用机械 ↔ 消费电子/元器件",
        "correlation": 0.939
      },
      {
        "pair": "汽车零部件 ↔ 金融/综合",
        "correlation": 0.899
      },
      {
        "pair": "IC设计 ↔ 消费电子/元器件",
        "correlation": 0.892
      },
      {
        "pair": "低空经济/航空 ↔ 汽车零部件",
        "correlation": 0.886
      },
      {
        "pair": "光通信与光学 ↔ 消费电子/元器件",
        "correlation": 0.885
      },
      {
        "pair": "待分类 ↔ 汽车零部件",
        "correlation": 0.885
      },
      {
        "pair": "半导体设备 ↔ 半导体零部件",
        "correlation": 0.881
      },
      {
        "pair": "IC设计 ↔ 光通信与光学",
        "correlation": 0.88
      },
      {
        "pair": "待分类 ↔ 软件与IT服务",
        "correlation": 0.878
      }
    ]
  },
  "group_matrix_60d": {
    "groups": [
      "AI算力",
      "IC设计",
      "低空经济/航空",
      "光通信与光学",
      "其他",
      "化工/材料",
      "半导体材料",
      "半导体设备",
      "半导体零部件",
      "地产/基建",
      "封测与基板",
      "工业设备/通用机械",
      "待分类",
      "新能源/电力设备",
      "机器人/自动化",
      "汽车零部件",
      "消费/医药/传媒",
      "消费电子/元器件",
      "生物医药",
      "电力运营",
      "软件与IT服务",
      "通信/6G",
      "金融/综合"
    ],
    "dates": [
      "20260522",
      "20260525",
      "20260526",
      "20260527",
      "20260528",
      "20260529",
      "20260601",
      "20260602",
      "20260603",
      "20260604",
      "20260605",
      "20260608",
      "20260609",
      "20260610",
      "20260611",
      "20260612",
      "20260615",
      "20260616",
      "20260617",
      "20260618"
    ],
    "window_days": 60,
    "matrix": [
      [
        1.0,
        0.763,
        0.601,
        0.657,
        0.496,
        0.763,
        0.549,
        0.633,
        0.567,
        0.271,
        0.293,
        0.672,
        0.641,
        0.757,
        0.513,
        0.757,
        0.598,
        0.655,
        0.313,
        0.292,
        0.752,
        0.677,
        0.546
      ],
      [
        0.763,
        1.0,
        0.633,
        0.808,
        0.429,
        0.813,
        0.785,
        0.885,
        0.804,
        0.133,
        0.537,
        0.84,
        0.688,
        0.768,
        0.599,
        0.828,
        0.465,
        0.852,
        0.229,
        0.281,
        0.681,
        0.734,
        0.398
      ],
      [
        0.601,
        0.633,
        1.0,
        0.613,
        0.533,
        0.694,
        0.45,
        0.466,
        0.478,
        0.268,
        0.349,
        0.669,
        0.729,
        0.649,
        0.628,
        0.796,
        0.627,
        0.605,
        0.212,
        0.137,
        0.706,
        0.582,
        0.296
      ],
      [
        0.657,
        0.808,
        0.613,
        1.0,
        0.468,
        0.761,
        0.673,
        0.771,
        0.732,
        0.147,
        0.539,
        0.841,
        0.688,
        0.718,
        0.567,
        0.783,
        0.469,
        0.871,
        0.088,
        0.343,
        0.638,
        0.804,
        0.175
      ],
      [
        0.496,
        0.429,
        0.533,
        0.468,
        1.0,
        0.495,
        0.319,
        0.306,
        0.264,
        0.261,
        0.138,
        0.628,
        0.619,
        0.604,
        0.568,
        0.561,
        0.47,
        0.585,
        0.032,
        0.365,
        0.662,
        0.62,
        0.296
      ],
      [
        0.763,
        0.813,
        0.694,
        0.761,
        0.495,
        1.0,
        0.71,
        0.708,
        0.779,
        0.356,
        0.486,
        0.815,
        0.798,
        0.863,
        0.523,
        0.83,
        0.596,
        0.817,
        0.256,
        0.261,
        0.762,
        0.702,
        0.53
      ],
      [
        0.549,
        0.785,
        0.45,
        0.673,
        0.319,
        0.71,
        1.0,
        0.794,
        0.848,
        0.258,
        0.473,
        0.673,
        0.456,
        0.553,
        0.375,
        0.651,
        0.338,
        0.682,
        0.029,
        0.256,
        0.477,
        0.633,
        0.383
      ],
      [
        0.633,
        0.885,
        0.466,
        0.771,
        0.306,
        0.708,
        0.794,
        1.0,
        0.884,
        0.148,
        0.569,
        0.759,
        0.588,
        0.597,
        0.537,
        0.71,
        0.343,
        0.79,
        0.189,
        0.229,
        0.572,
        0.657,
        0.21
      ],
      [
        0.567,
        0.804,
        0.478,
        0.732,
        0.264,
        0.779,
        0.848,
        0.884,
        1.0,
        0.243,
        0.481,
        0.75,
        0.568,
        0.573,
        0.487,
        0.697,
        0.353,
        0.724,
        0.129,
        0.113,
        0.55,
        0.596,
        0.248
      ],
      [
        0.271,
        0.133,
        0.268,
        0.147,
        0.261,
        0.356,
        0.258,
        0.148,
        0.243,
        1.0,
        0.109,
        0.328,
        0.356,
        0.29,
        0.365,
        0.452,
        0.466,
        0.112,
        0.235,
        0.012,
        0.48,
        0.206,
        0.285
      ],
      [
        0.293,
        0.537,
        0.349,
        0.539,
        0.138,
        0.486,
        0.473,
        0.569,
        0.481,
        0.109,
        1.0,
        0.491,
        0.393,
        0.335,
        0.369,
        0.513,
        0.146,
        0.55,
        -0.009,
        0.191,
        0.306,
        0.301,
        0.067
      ],
      [
        0.672,
        0.84,
        0.669,
        0.841,
        0.628,
        0.815,
        0.673,
        0.759,
        0.75,
        0.328,
        0.491,
        1.0,
        0.804,
        0.782,
        0.7,
        0.867,
        0.606,
        0.882,
        0.139,
        0.245,
        0.811,
        0.77,
        0.275
      ],
      [
        0.641,
        0.688,
        0.729,
        0.688,
        0.619,
        0.798,
        0.456,
        0.588,
        0.568,
        0.356,
        0.393,
        0.804,
        1.0,
        0.787,
        0.678,
        0.831,
        0.721,
        0.818,
        0.385,
        0.342,
        0.762,
        0.668,
        0.325
      ],
      [
        0.757,
        0.768,
        0.649,
        0.718,
        0.604,
        0.863,
        0.553,
        0.597,
        0.573,
        0.29,
        0.335,
        0.782,
        0.787,
        1.0,
        0.463,
        0.793,
        0.669,
        0.775,
        0.301,
        0.436,
        0.769,
        0.747,
        0.54
      ],
      [
        0.513,
        0.599,
        0.628,
        0.567,
        0.568,
        0.523,
        0.375,
        0.537,
        0.487,
        0.365,
        0.369,
        0.7,
        0.678,
        0.463,
        1.0,
        0.737,
        0.517,
        0.596,
        0.185,
        0.062,
        0.657,
        0.558,
        0.077
      ],
      [
        0.757,
        0.828,
        0.796,
        0.783,
        0.561,
        0.83,
        0.651,
        0.71,
        0.697,
        0.452,
        0.513,
        0.867,
        0.831,
        0.793,
        0.737,
        1.0,
        0.638,
        0.783,
        0.222,
        0.251,
        0.831,
        0.758,
        0.407
      ],
      [
        0.598,
        0.465,
        0.627,
        0.469,
        0.47,
        0.596,
        0.338,
        0.343,
        0.353,
        0.466,
        0.146,
        0.606,
        0.721,
        0.669,
        0.517,
        0.638,
        1.0,
        0.532,
        0.417,
        0.395,
        0.724,
        0.521,
        0.261
      ],
      [
        0.655,
        0.852,
        0.605,
        0.871,
        0.585,
        0.817,
        0.682,
        0.79,
        0.724,
        0.112,
        0.55,
        0.882,
        0.818,
        0.775,
        0.596,
        0.783,
        0.532,
        1.0,
        0.119,
        0.4,
        0.692,
        0.794,
        0.292
      ],
      [
        0.313,
        0.229,
        0.212,
        0.088,
        0.032,
        0.256,
        0.029,
        0.189,
        0.129,
        0.235,
        -0.009,
        0.139,
        0.385,
        0.301,
        0.185,
        0.222,
        0.417,
        0.119,
        1.0,
        0.021,
        0.178,
        0.11,
        0.234
      ],
      [
        0.292,
        0.281,
        0.137,
        0.343,
        0.365,
        0.261,
        0.256,
        0.229,
        0.113,
        0.012,
        0.191,
        0.245,
        0.342,
        0.436,
        0.062,
        0.251,
        0.395,
        0.4,
        0.021,
        1.0,
        0.27,
        0.432,
        0.264
      ],
      [
        0.752,
        0.681,
        0.706,
        0.638,
        0.662,
        0.762,
        0.477,
        0.572,
        0.55,
        0.48,
        0.306,
        0.811,
        0.762,
        0.769,
        0.657,
        0.831,
        0.724,
        0.692,
        0.178,
        0.27,
        1.0,
        0.728,
        0.393
      ],
      [
        0.677,
        0.734,
        0.582,
        0.804,
        0.62,
        0.702,
        0.633,
        0.657,
        0.596,
        0.206,
        0.301,
        0.77,
        0.668,
        0.747,
        0.558,
        0.758,
        0.521,
        0.794,
        0.11,
        0.432,
        0.728,
        1.0,
        0.4
      ],
      [
        0.546,
        0.398,
        0.296,
        0.175,
        0.296,
        0.53,
        0.383,
        0.21,
        0.248,
        0.285,
        0.067,
        0.275,
        0.325,
        0.54,
        0.077,
        0.407,
        0.261,
        0.292,
        0.234,
        0.264,
        0.393,
        0.4,
        1.0
      ]
    ],
    "top_pairs": [
      {
        "pair": "IC设计 ↔ 半导体设备",
        "correlation": 0.885
      },
      {
        "pair": "半导体设备 ↔ 半导体零部件",
        "correlation": 0.884
      },
      {
        "pair": "工业设备/通用机械 ↔ 消费电子/元器件",
        "correlation": 0.882
      },
      {
        "pair": "光通信与光学 ↔ 消费电子/元器件",
        "correlation": 0.871
      },
      {
        "pair": "工业设备/通用机械 ↔ 汽车零部件",
        "correlation": 0.867
      },
      {
        "pair": "化工/材料 ↔ 新能源/电力设备",
        "correlation": 0.863
      },
      {
        "pair": "IC设计 ↔ 消费电子/元器件",
        "correlation": 0.852
      },
      {
        "pair": "半导体材料 ↔ 半导体零部件",
        "correlation": 0.848
      },
      {
        "pair": "光通信与光学 ↔ 工业设备/通用机械",
        "correlation": 0.841
      },
      {
        "pair": "IC设计 ↔ 工业设备/通用机械",
        "correlation": 0.84
      }
    ]
  },
  "stock_chain_corr": [
    {
      "code": "000009.SZ",
      "name": "中国宝安",
      "group": "待分类",
      "corr_chain1": -0.212,
      "corr_chain2": 0,
      "beta_chain1": 0,
      "beta_chain2": 0
    },
    {
      "code": "000026.SZ",
      "name": "飞亚达",
      "group": "消费/医药/传媒",
      "corr_chain1": 0.211,
      "corr_chain2": 0,
      "beta_chain1": 0,
      "beta_chain2": 0
    },
    {
      "code": "000062.SZ",
      "name": "深圳华强",
      "group": "消费电子/元器件",
      "corr_chain1": 0.454,
      "corr_chain2": 0,
      "beta_chain1": 0,
      "beta_chain2": 0
    },
    {
      "code": "000063.SZ",
      "name": "中兴通讯",
      "group": "待分类",
      "corr_chain1": 0.674,
      "corr_chain2": 0,
      "beta_chain1": 0,
      "beta_chain2": 0
    },
    {
      "code": "000066.SZ",
      "name": "中国长城",
      "group": "AI算力",
      "corr_chain1": 0.596,
      "corr_chain2": 0,
      "beta_chain1": 0,
      "beta_chain2": 0
    },
    {
      "code": "000099.SZ",
      "name": "中信海直",
      "group": "待分类",
      "corr_chain1": -0.456,
      "corr_chain2": 0,
      "beta_chain1": 0,
      "beta_chain2": 0
    },
    {
      "code": "000338.SZ",
      "name": "潍柴动力",
      "group": "汽车零部件",
      "corr_chain1": 0.449,
      "corr_chain2": 0,
      "beta_chain1": 0,
      "beta_chain2": 0
    },
    {
      "code": "000513.SZ",
      "name": "丽珠集团",
      "group": "生物医药",
      "corr_chain1": -0.149,
      "corr_chain2": 0,
      "beta_chain1": 0,
      "beta_chain2": 0
    },
    {
      "code": "000518.SZ",
      "name": "四环生物",
      "group": "待分类",
      "corr_chain1": 0.031,
      "corr_chain2": 0,
      "beta_chain1": 0,
      "beta_chain2": 0
    },
    {
      "code": "000537.SZ",
      "name": "绿发电力",
      "group": "待分类",
      "corr_chain1": 0.095,
      "corr_chain2": 0,
      "beta_chain1": 0,
      "beta_chain2": 0
    },
    {
      "code": "000539.SZ",
      "name": "粤电力A",
      "group": "电力运营",
      "corr_chain1": 0.063,
      "corr_chain2": 0,
      "beta_chain1": 0,
      "beta_chain2": 0
    },
    {
      "code": "000555.SZ",
      "name": "神州信息",
      "group": "待分类",
      "corr_chain1": -0.011,
      "corr_chain2": 0,
      "beta_chain1": 0,
      "beta_chain2": 0
    },
    {
      "code": "000566.SZ",
      "name": "海南海药",
      "group": "生物医药",
      "corr_chain1": -0.368,
      "corr_chain2": 0,
      "beta_chain1": 0,
      "beta_chain2": 0
    },
    {
      "code": "000597.SZ",
      "name": "东北制药",
      "group": "生物医药",
      "corr_chain1": -0.316,
      "corr_chain2": 0,
      "beta_chain1": 0,
      "beta_chain2": 0
    },
    {
      "code": "000601.SZ",
      "name": "韶能股份",
      "group": "电力运营",
      "corr_chain1": 0.127,
      "corr_chain2": 0,
      "beta_chain1": 0,
      "beta_chain2": 0
    },
    {
      "code": "000625.SZ",
      "name": "长安汽车",
      "group": "待分类",
      "corr_chain1": -0.23,
      "corr_chain2": 0,
      "beta_chain1": 0,
      "beta_chain2": 0
    },
    {
      "code": "000636.SZ",
      "name": "风华高科",
      "group": "消费电子/元器件",
      "corr_chain1": 0.564,
      "corr_chain2": 0,
      "beta_chain1": 0,
      "beta_chain2": 0
    },
    {
      "code": "000661.SZ",
      "name": "长春高新",
      "group": "生物医药",
      "corr_chain1": -0.372,
      "corr_chain2": 0,
      "beta_chain1": 0,
      "beta_chain2": 0
    },
    {
      "code": "000697.SZ",
      "name": "炼石航空",
      "group": "低空经济/航空",
      "corr_chain1": 0.358,
      "corr_chain2": 0,
      "beta_chain1": 0,
      "beta_chain2": 0
    },
    {
      "code": "000703.SZ",
      "name": "恒逸石化",
      "group": "化工/材料",
      "corr_chain1": -0.351,
      "corr_chain2": 0,
      "beta_chain1": 0,
      "beta_chain2": 0
    },
    {
      "code": "000723.SZ",
      "name": "美锦能源",
      "group": "待分类",
      "corr_chain1": -0.468,
      "corr_chain2": 0,
      "beta_chain1": 0,
      "beta_chain2": 0
    },
    {
      "code": "000767.SZ",
      "name": "晋控电力",
      "group": "电力运营",
      "corr_chain1": -0.12,
      "corr_chain2": 0,
      "beta_chain1": 0,
      "beta_chain2": 0
    },
    {
      "code": "000768.SZ",
      "name": "中航西飞",
      "group": "待分类",
      "corr_chain1": -0.332,
      "corr_chain2": 0,
      "beta_chain1": 0,
      "beta_chain2": 0
    },
    {
      "code": "000791.SZ",
      "name": "甘肃能源",
      "group": "电力运营",
      "corr_chain1": 0.176,
      "corr_chain2": 0,
      "beta_chain1": 0,
      "beta_chain2": 0
    },
    {
      "code": "000811.SZ",
      "name": "冰轮环境",
      "group": "工业设备/通用机械",
      "corr_chain1": 0.781,
      "corr_chain2": 0,
      "beta_chain1": 0,
      "beta_chain2": 0
    },
    {
      "code": "000837.SZ",
      "name": "秦川机床",
      "group": "待分类",
      "corr_chain1": 0.028,
      "corr_chain2": 0,
      "beta_chain1": 0,
      "beta_chain2": 0
    },
    {
      "code": "000878.SZ",
      "name": "云南铜业",
      "group": "待分类",
      "corr_chain1": 0.136,
      "corr_chain2": 0,
      "beta_chain1": 0,
      "beta_chain2": 0
    },
    {
      "code": "000881.SZ",
      "name": "中广核技",
      "group": "待分类",
      "corr_chain1": 0.263,
      "corr_chain2": 0,
      "beta_chain1": 0,
      "beta_chain2": 0
    },
    {
      "code": "000889.SZ",
      "name": "中嘉博创",
      "group": "通信/6G",
      "corr_chain1": 0.304,
      "corr_chain2": 0,
      "beta_chain1": 0,
      "beta_chain2": 0
    },
    {
      "code": "000931.SZ",
      "name": "中关村",
      "group": "生物医药",
      "corr_chain1": -0.114,
      "corr_chain2": 0,
      "beta_chain1": 0,
      "beta_chain2": 0
    },
    {
      "code": "000938.SZ",
      "name": "紫光股份",
      "group": "待分类",
      "corr_chain1": 0.558,
      "corr_chain2": 0,
      "beta_chain1": 0,
      "beta_chain2": 0
    },
    {
      "code": "000963.SZ",
      "name": "华东医药",
      "group": "生物医药",
      "corr_chain1": -0.044,
      "corr_chain2": 0,
      "beta_chain1": 0,
      "beta_chain2": 0
    },
    {
      "code": "000967.SZ",
      "name": "盈峰环境",
      "group": "其他",
      "corr_chain1": 0.556,
      "corr_chain2": 0,
      "beta_chain1": 0,
      "beta_chain2": 0
    },
    {
      "code": "000969.SZ",
      "name": "安泰科技",
      "group": "待分类",
      "corr_chain1": 0.263,
      "corr_chain2": 0,
      "beta_chain1": 0,
      "beta_chain2": 0
    },
    {
      "code": "000977.SZ",
      "name": "浪潮信息",
      "group": "待分类",
      "corr_chain1": 0.608,
      "corr_chain2": 0,
      "beta_chain1": 0,
      "beta_chain2": 0
    },
    {
      "code": "000980.SZ",
      "name": "众泰汽车",
      "group": "待分类",
      "corr_chain1": 0.489,
      "corr_chain2": 0,
      "beta_chain1": 0,
      "beta_chain2": 0
    },
    {
      "code": "000990.SZ",
      "name": "诚志股份",
      "group": "化工/材料",
      "corr_chain1": -0.182,
      "corr_chain2": 0,
      "beta_chain1": 0,
      "beta_chain2": 0
    },
    {
      "code": "000999.SZ",
      "name": "华润三九",
      "group": "生物医药",
      "corr_chain1": -0.518,
      "corr_chain2": 0,
      "beta_chain1": 0,
      "beta_chain2": 0
    },
    {
      "code": "001268.SZ",
      "name": "联合精密",
      "group": "工业设备/通用机械",
      "corr_chain1": 0.466,
      "corr_chain2": 0,
      "beta_chain1": 0,
      "beta_chain2": 0
    },
    {
      "code": "001270.SZ",
      "name": "铖昌科技",
      "group": "IC设计",
      "corr_chain1": 0.613,
      "corr_chain2": 0,
      "beta_chain1": 0,
      "beta_chain2": 0
    },
    {
      "code": "001309.SZ",
      "name": "德明利",
      "group": "IC设计",
      "corr_chain1": 0.846,
      "corr_chain2": 0,
      "beta_chain1": 0,
      "beta_chain2": 0
    },
    {
      "code": "001339.SZ",
      "name": "智微智能",
      "group": "AI算力",
      "corr_chain1": 0.19,
      "corr_chain2": 0,
      "beta_chain1": 0,
      "beta_chain2": 0
    },
    {
      "code": "001359.SZ",
      "name": "平安电工",
      "group": "新能源/电力设备",
      "corr_chain1": 0.444,
      "corr_chain2": 0,
      "beta_chain1": 0,
      "beta_chain2": 0
    },
    {
      "code": "001389.SZ",
      "name": "广合科技",
      "group": "消费电子/元器件",
      "corr_chain1": 0.408,
      "corr_chain2": 0,
      "beta_chain1": 0,
      "beta_chain2": 0
    },
    {
      "code": "001896.SZ",
      "name": "豫能控股",
      "group": "电力运营",
      "corr_chain1": 0.198,
      "corr_chain2": 0,
      "beta_chain1": 0,
      "beta_chain2": 0
    },
    {
      "code": "002008.SZ",
      "name": "大族激光",
      "group": "工业设备/通用机械",
      "corr_chain1": 0.666,
      "corr_chain2": 0,
      "beta_chain1": 0,
      "beta_chain2": 0
    },
    {
      "code": "002009.SZ",
      "name": "天奇股份",
      "group": "待分类",
      "corr_chain1": -0.268,
      "corr_chain2": 0,
      "beta_chain1": 0,
      "beta_chain2": 0
    },
    {
      "code": "002015.SZ",
      "name": "协鑫能科",
      "group": "电力运营",
      "corr_chain1": 0.454,
      "corr_chain2": 0,
      "beta_chain1": 0,
      "beta_chain2": 0
    },
    {
      "code": "002019.SZ",
      "name": "亿帆医药",
      "group": "生物医药",
      "corr_chain1": -0.469,
      "corr_chain2": 0,
      "beta_chain1": 0,
      "beta_chain2": 0
    },
    {
      "code": "002025.SZ",
      "name": "航天电器",
      "group": "待分类",
      "corr_chain1": 0.79,
      "corr_chain2": 0,
      "beta_chain1": 0,
      "beta_chain2": 0
    },
    {
      "code": "002031.SZ",
      "name": "巨轮智能",
      "group": "机器人/自动化",
      "corr_chain1": -0.015,
      "corr_chain2": 0,
      "beta_chain1": 0,
      "beta_chain2": 0
    },
    {
      "code": "002038.SZ",
      "name": "双鹭药业",
      "group": "生物医药",
      "corr_chain1": -0.418,
      "corr_chain2": 0,
      "beta_chain1": 0,
      "beta_chain2": 0
    },
    {
      "code": "002046.SZ",
      "name": "国机精工",
      "group": "工业设备/通用机械",
      "corr_chain1": 0.208,
      "corr_chain2": 0,
      "beta_chain1": 0,
      "beta_chain2": 0
    },
    {
      "code": "002062.SZ",
      "name": "宏润建设",
      "group": "地产/基建",
      "corr_chain1": 0.122,
      "corr_chain2": 0,
      "beta_chain1": 0,
      "beta_chain2": 0
    },
    {
      "code": "002074.SZ",
      "name": "国轩高科",
      "group": "待分类",
      "corr_chain1": 0.4,
      "corr_chain2": 0,
      "beta_chain1": 0,
      "beta_chain2": 0
    },
    {
      "code": "002079.SZ",
      "name": "苏州固锝",
      "group": "消费电子/元器件",
      "corr_chain1": 0.829,
      "corr_chain2": 0,
      "beta_chain1": 0,
      "beta_chain2": 0
    },
    {
      "code": "002080.SZ",
      "name": "中材科技",
      "group": "化工/材料",
      "corr_chain1": 0.817,
      "corr_chain2": 0,
      "beta_chain1": 0,
      "beta_chain2": 0
    },
    {
      "code": "002093.SZ",
      "name": "国脉科技",
      "group": "待分类",
      "corr_chain1": -0.083,
      "corr_chain2": 0,
      "beta_chain1": 0,
      "beta_chain2": 0
    },
    {
      "code": "002125.SZ",
      "name": "湘潭电化",
      "group": "待分类",
      "corr_chain1": 0.3,
      "corr_chain2": 0,
      "beta_chain1": 0,
      "beta_chain2": 0
    },
    {
      "code": "002132.SZ",
      "name": "恒星科技",
      "group": "化工/材料",
      "corr_chain1": 0.244,
      "corr_chain2": 0,
      "beta_chain1": 0,
      "beta_chain2": 0
    },
    {
      "code": "002134.SZ",
      "name": "天津普林",
      "group": "消费电子/元器件",
      "corr_chain1": 0.736,
      "corr_chain2": 0,
      "beta_chain1": 0,
      "beta_chain2": 0
    },
    {
      "code": "002139.SZ",
      "name": "拓邦股份",
      "group": "待分类",
      "corr_chain1": -0.047,
      "corr_chain2": 0,
      "beta_chain1": 0,
      "beta_chain2": 0
    },
    {
      "code": "002149.SZ",
      "name": "西部材料",
      "group": "化工/材料",
      "corr_chain1": 0.396,
      "corr_chain2": 0,
      "beta_chain1": 0,
      "beta_chain2": 0
    },
    {
      "code": "002151.SZ",
      "name": "北斗星通",
      "group": "待分类",
      "corr_chain1": 0.414,
      "corr_chain2": 0,
      "beta_chain1": 0,
      "beta_chain2": 0
    },
    {
      "code": "002156.SZ",
      "name": "通富微电",
      "group": "封测与基板",
      "corr_chain1": 0.742,
      "corr_chain2": 0,
      "beta_chain1": 0,
      "beta_chain2": 0
    },
    {
      "code": "002158.SZ",
      "name": "汉钟精机",
      "group": "半导体零部件",
      "corr_chain1": 0.578,
      "corr_chain2": 0,
      "beta_chain1": 0,
      "beta_chain2": 0
    },
    {
      "code": "002176.SZ",
      "name": "江特电机",
      "group": "新能源/电力设备",
      "corr_chain1": 0.325,
      "corr_chain2": 0,
      "beta_chain1": 0,
      "beta_chain2": 0
    },
    {
      "code": "002192.SZ",
      "name": "融捷股份",
      "group": "化工/材料",
      "corr_chain1": 0.152,
      "corr_chain2": 0,
      "beta_chain1": 0,
      "beta_chain2": 0
    },
    {
      "code": "002203.SZ",
      "name": "海亮股份",
      "group": "化工/材料",
      "corr_chain1": 0.244,
      "corr_chain2": 0,
      "beta_chain1": 0,
      "beta_chain2": 0
    },
    {
      "code": "002213.SZ",
      "name": "大为股份",
      "group": "汽车零部件",
      "corr_chain1": 0.776,
      "corr_chain2": 0,
      "beta_chain1": 0,
      "beta_chain2": 0
    },
    {
      "code": "002222.SZ",
      "name": "福晶科技",
      "group": "光通信与光学",
      "corr_chain1": 0.799,
      "corr_chain2": 0,
      "beta_chain1": 0,
      "beta_chain2": 0
    },
    {
      "code": "002240.SZ",
      "name": "盛新锂能",
      "group": "化工/材料",
      "corr_chain1": 0.441,
      "corr_chain2": 0,
      "beta_chain1": 0,
      "beta_chain2": 0
    },
    {
      "code": "002243.SZ",
      "name": "力合科创",
      "group": "待分类",
      "corr_chain1": -0.114,
      "corr_chain2": 0,
      "beta_chain1": 0,
      "beta_chain2": 0
    },
    {
      "code": "002245.SZ",
      "name": "蔚蓝锂芯",
      "group": "新能源/电力设备",
      "corr_chain1": 0.593,
      "corr_chain2": 0,
      "beta_chain1": 0,
      "beta_chain2": 0
    },
    {
      "code": "002254.SZ",
      "name": "泰和新材",
      "group": "化工/材料",
      "corr_chain1": 0.27,
      "corr_chain2": 0,
      "beta_chain1": 0,
      "beta_chain2": 0
    },
    {
      "code": "002256.SZ",
      "name": "兆新股份",
      "group": "新能源/电力设备",
      "corr_chain1": 0.065,
      "corr_chain2": 0,
      "beta_chain1": 0,
      "beta_chain2": 0
    },
    {
      "code": "002268.SZ",
      "name": "电科网安",
      "group": "待分类",
      "corr_chain1": -0.1,
      "corr_chain2": 0,
      "beta_chain1": 0,
      "beta_chain2": 0
    },
    {
      "code": "002273.SZ",
      "name": "水晶光电",
      "group": "光通信与光学",
      "corr_chain1": 0.767,
      "corr_chain2": 0,
      "beta_chain1": 0,
      "beta_chain2": 0
    },
    {
      "code": "002281.SZ",
      "name": "光迅科技",
      "group": "光通信与光学",
      "corr_chain1": 0.532,
      "corr_chain2": 0,
      "beta_chain1": 0,
      "beta_chain2": 0
    },
    {
      "code": "002297.SZ",
      "name": "博云新材",
      "group": "低空经济/航空",
      "corr_chain1": 0.574,
      "corr_chain2": 0,
      "beta_chain1": 0,
      "beta_chain2": 0
    },
    {
      "code": "002318.SZ",
      "name": "久立特材",
      "group": "待分类",
      "corr_chain1": 0.157,
      "corr_chain2": 0,
      "beta_chain1": 0,
      "beta_chain2": 0
    },
    {
      "code": "002326.SZ",
      "name": "永太科技",
      "group": "待分类",
      "corr_chain1": 0.004,
      "corr_chain2": 0,
      "beta_chain1": 0,
      "beta_chain2": 0
    },
    {
      "code": "002328.SZ",
      "name": "新朋股份",
      "group": "汽车零部件",
      "corr_chain1": 0.104,
      "corr_chain2": 0,
      "beta_chain1": 0,
      "beta_chain2": 0
    },
    {
      "code": "002340.SZ",
      "name": "格林美",
      "group": "待分类",
      "corr_chain1": 0.356,
      "corr_chain2": 0,
      "beta_chain1": 0,
      "beta_chain2": 0
    },
    {
      "code": "002348.SZ",
      "name": "高乐股份",
      "group": "消费/医药/传媒",
      "corr_chain1": 0.269,
      "corr_chain2": 0,
      "beta_chain1": 0,
      "beta_chain2": 0
    },
    {
      "code": "002361.SZ",
      "name": "神剑股份",
      "group": "化工/材料",
      "corr_chain1": -0.138,
      "corr_chain2": 0,
      "beta_chain1": 0,
      "beta_chain2": 0
    },
    {
      "code": "002364.SZ",
      "name": "中恒电气",
      "group": "新能源/电力设备",
      "corr_chain1": 0.584,
      "corr_chain2": 0,
      "beta_chain1": 0,
      "beta_chain2": 0
    },
    {
      "code": "002366.SZ",
      "name": "融发核电",
      "group": "待分类",
      "corr_chain1": 0.32,
      "corr_chain2": 0,
      "beta_chain1": 0,
      "beta_chain2": 0
    },
    {
      "code": "002371.SZ",
      "name": "北方华创",
      "group": "半导体设备",
      "corr_chain1": 0.7,
      "corr_chain2": 0,
      "beta_chain1": 0,
      "beta_chain2": 0
    },
    {
      "code": "002380.SZ",
      "name": "科远智慧",
      "group": "软件与IT服务",
      "corr_chain1": 0.335,
      "corr_chain2": 0,
      "beta_chain1": 0,
      "beta_chain2": 0
    },
    {
      "code": "002384.SZ",
      "name": "东山精密",
      "group": "消费电子/元器件",
      "corr_chain1": 0.614,
      "corr_chain2": 0,
      "beta_chain1": 0,
      "beta_chain2": 0
    },
    {
      "code": "002389.SZ",
      "name": "航天彩虹",
      "group": "待分类",
      "corr_chain1": -0.283,
      "corr_chain2": 0,
      "beta_chain1": 0,
      "beta_chain2": 0
    },
    {
      "code": "002392.SZ",
      "name": "北京利尔",
      "group": "化工/材料",
      "corr_chain1": 0.246,
      "corr_chain2": 0,
      "beta_chain1": 0,
      "beta_chain2": 0
    },
    {
      "code": "002399.SZ",
      "name": "海普瑞",
      "group": "生物医药",
      "corr_chain1": -0.392,
      "corr_chain2": 0,
      "beta_chain1": 0,
      "beta_chain2": 0
    },
    {
      "code": "002407.SZ",
      "name": "多氟多",
      "group": "化工/材料",
      "corr_chain1": 0.079,
      "corr_chain2": 0,
      "beta_chain1": 0,
      "beta_chain2": 0
    },
    {
      "code": "002409.SZ",
      "name": "雅克科技",
      "group": "半导体零部件",
      "corr_chain1": 0.799,
      "corr_chain2": 0,
      "beta_chain1": 0,
      "beta_chain2": 0
    },
    {
      "code": "002418.SZ",
      "name": "康盛股份",
      "group": "消费/医药/传媒",
      "corr_chain1": 0.404,
      "corr_chain2": 0,
      "beta_chain1": 0,
      "beta_chain2": 0
    },
    {
      "code": "002422.SZ",
      "name": "科伦药业",
      "group": "生物医药",
      "corr_chain1": 0.029,
      "corr_chain2": 0,
      "beta_chain1": 0,
      "beta_chain2": 0
    },
    {
      "code": "002428.SZ",
      "name": "云南锗业",
      "group": "化工/材料",
      "corr_chain1": 0.541,
      "corr_chain2": 0,
      "beta_chain1": 0,
      "beta_chain2": 0
    },
    {
      "code": "002429.SZ",
      "name": "兆驰股份",
      "group": "消费电子/元器件",
      "corr_chain1": 0.683,
      "corr_chain2": 0,
      "beta_chain1": 0,
      "beta_chain2": 0
    },
    {
      "code": "002432.SZ",
      "name": "九安医疗",
      "group": "待分类",
      "corr_chain1": 0.137,
      "corr_chain2": 0,
      "beta_chain1": 0,
      "beta_chain2": 0
    },
    {
      "code": "002436.SZ",
      "name": "兴森科技",
      "group": "消费电子/元器件",
      "corr_chain1": 0.259,
      "corr_chain2": 0,
      "beta_chain1": 0,
      "beta_chain2": 0
    },
    {
      "code": "002437.SZ",
      "name": "誉衡药业",
      "group": "生物医药",
      "corr_chain1": -0.19,
      "corr_chain2": 0,
      "beta_chain1": 0,
      "beta_chain2": 0
    },
    {
      "code": "002446.SZ",
      "name": "盛路通信",
      "group": "待分类",
      "corr_chain1": 0.435,
      "corr_chain2": 0,
      "beta_chain1": 0,
      "beta_chain2": 0
    },
    {
      "code": "002455.SZ",
      "name": "百川股份",
      "group": "待分类",
      "corr_chain1": 0.16,
      "corr_chain2": 0,
      "beta_chain1": 0,
      "beta_chain2": 0
    },
    {
      "code": "002460.SZ",
      "name": "赣锋锂业",
      "group": "待分类",
      "corr_chain1": 0.537,
      "corr_chain2": 0,
      "beta_chain1": 0,
      "beta_chain2": 0
    },
    {
      "code": "002463.SZ",
      "name": "沪电股份",
      "group": "消费电子/元器件",
      "corr_chain1": 0.481,
      "corr_chain2": 0,
      "beta_chain1": 0,
      "beta_chain2": 0
    },
    {
      "code": "002465.SZ",
      "name": "海格通信",
      "group": "待分类",
      "corr_chain1": 0.321,
      "corr_chain2": 0,
      "beta_chain1": 0,
      "beta_chain2": 0
    },
    {
      "code": "002466.SZ",
      "name": "天齐锂业",
      "group": "化工/材料",
      "corr_chain1": 0.532,
      "corr_chain2": 0,
      "beta_chain1": 0,
