{
  "generated": "2026-05-21T17:30:08.849133",
  "chain_correlation": NaN,
  "group_matrix_20d": {
    "groups": [
      "AI算力",
      "IC设计",
      "低空经济/航空",
      "光通信与光学",
      "其他",
      "化工/材料",
      "半导体材料",
      "半导体设备",
      "半导体零部件",
      "地产/基建",
      "封测与基板",
      "工业设备/通用机械",
      "新能源/电力设备",
      "机器人/自动化",
      "汽车零部件",
      "消费/医药/传媒",
      "消费电子/元器件",
      "电力运营",
      "软件与IT服务",
      "通信/6G",
      "金融/综合"
    ],
    "dates": [
      "20260421",
      "20260422",
      "20260423",
      "20260424",
      "20260427",
      "20260428",
      "20260429",
      "20260430",
      "20260506",
      "20260507",
      "20260508",
      "20260511",
      "20260512",
      "20260513",
      "20260514",
      "20260515",
      "20260518",
      "20260519",
      "20260520",
      "20260521"
    ],
    "window_days": 20,
    "matrix": [
      [
        1.0,
        0.62,
        0.452,
        0.519,
        0.729,
        0.747,
        0.532,
        0.352,
        0.391,
        0.561,
        -0.03,
        0.395,
        0.812,
        0.382,
        0.538,
        0.642,
        0.617,
        0.415,
        0.713,
        0.69,
        0.645
      ],
      [
        0.62,
        1.0,
        0.537,
        0.705,
        0.809,
        0.828,
        0.843,
        0.781,
        0.751,
        0.609,
        0.291,
        0.595,
        0.775,
        0.641,
        0.752,
        0.77,
        0.818,
        0.179,
        0.721,
        0.751,
        0.33
      ],
      [
        0.452,
        0.537,
        1.0,
        0.57,
        0.678,
        0.626,
        0.445,
        0.222,
        0.236,
        0.632,
        0.163,
        0.195,
        0.589,
        0.529,
        0.665,
        0.777,
        0.645,
        0.334,
        0.617,
        0.573,
        0.436
      ],
      [
        0.519,
        0.705,
        0.57,
        1.0,
        0.813,
        0.705,
        0.628,
        0.683,
        0.647,
        0.738,
        0.41,
        0.362,
        0.66,
        0.601,
        0.853,
        0.696,
        0.882,
        0.232,
        0.754,
        0.819,
        0.364
      ],
      [
        0.729,
        0.809,
        0.678,
        0.813,
        1.0,
        0.916,
        0.718,
        0.629,
        0.623,
        0.843,
        0.347,
        0.601,
        0.825,
        0.765,
        0.911,
        0.868,
        0.915,
        0.424,
        0.847,
        0.83,
        0.503
      ],
      [
        0.747,
        0.828,
        0.626,
        0.705,
        0.916,
        1.0,
        0.77,
        0.6,
        0.602,
        0.743,
        0.373,
        0.624,
        0.904,
        0.641,
        0.752,
        0.831,
        0.833,
        0.427,
        0.763,
        0.768,
        0.556
      ],
      [
        0.532,
        0.843,
        0.445,
        0.628,
        0.718,
        0.77,
        1.0,
        0.802,
        0.762,
        0.615,
        0.364,
        0.447,
        0.653,
        0.52,
        0.617,
        0.722,
        0.735,
        0.402,
        0.643,
        0.711,
        0.486
      ],
      [
        0.352,
        0.781,
        0.222,
        0.683,
        0.629,
        0.6,
        0.802,
        1.0,
        0.9,
        0.482,
        0.365,
        0.406,
        0.568,
        0.603,
        0.631,
        0.519,
        0.731,
        0.146,
        0.545,
        0.625,
        0.127
      ],
      [
        0.391,
        0.751,
        0.236,
        0.647,
        0.623,
        0.602,
        0.762,
        0.9,
        1.0,
        0.487,
        0.33,
        0.418,
        0.558,
        0.625,
        0.608,
        0.54,
        0.659,
        0.142,
        0.622,
        0.608,
        0.096
      ],
      [
        0.561,
        0.609,
        0.632,
        0.738,
        0.843,
        0.743,
        0.615,
        0.482,
        0.487,
        1.0,
        0.198,
        0.428,
        0.691,
        0.6,
        0.774,
        0.882,
        0.745,
        0.459,
        0.816,
        0.786,
        0.507
      ],
      [
        -0.03,
        0.291,
        0.163,
        0.41,
        0.347,
        0.373,
        0.364,
        0.365,
        0.33,
        0.198,
        1.0,
        0.24,
        0.168,
        0.215,
        0.26,
        0.167,
        0.409,
        0.047,
        0.09,
        0.134,
        0.09
      ],
      [
        0.395,
        0.595,
        0.195,
        0.362,
        0.601,
        0.624,
        0.447,
        0.406,
        0.418,
        0.428,
        0.24,
        1.0,
        0.45,
        0.496,
        0.53,
        0.395,
        0.407,
        0.044,
        0.398,
        0.486,
        0.187
      ],
      [
        0.812,
        0.775,
        0.589,
        0.66,
        0.825,
        0.904,
        0.653,
        0.568,
        0.558,
        0.691,
        0.168,
        0.45,
        1.0,
        0.454,
        0.647,
        0.807,
        0.79,
        0.458,
        0.734,
        0.802,
        0.553
      ],
      [
        0.382,
        0.641,
        0.529,
        0.601,
        0.765,
        0.641,
        0.52,
        0.603,
        0.625,
        0.6,
        0.215,
        0.496,
        0.454,
        1.0,
        0.854,
        0.658,
        0.725,
        0.229,
        0.681,
        0.516,
        0.017
      ],
      [
        0.538,
        0.752,
        0.665,
        0.853,
        0.911,
        0.752,
        0.617,
        0.631,
        0.608,
        0.774,
        0.26,
        0.53,
        0.647,
        0.854,
        1.0,
        0.817,
        0.899,
        0.329,
        0.778,
        0.789,
        0.28
      ],
      [
        0.642,
        0.77,
        0.777,
        0.696,
        0.868,
        0.831,
        0.722,
        0.519,
        0.54,
        0.882,
        0.167,
        0.395,
        0.807,
        0.658,
        0.817,
        1.0,
        0.84,
        0.553,
        0.813,
        0.795,
        0.454
      ],
      [
        0.617,
        0.818,
        0.645,
        0.882,
        0.915,
        0.833,
        0.735,
        0.731,
        0.659,
        0.745,
        0.409,
        0.407,
        0.79,
        0.725,
        0.899,
        0.84,
        1.0,
        0.469,
        0.777,
        0.831,
        0.404
      ],
      [
        0.415,
        0.179,
        0.334,
        0.232,
        0.424,
        0.427,
        0.402,
        0.146,
        0.142,
        0.459,
        0.047,
        0.044,
        0.458,
        0.229,
        0.329,
        0.553,
        0.469,
        1.0,
        0.46,
        0.545,
        0.467
      ],
      [
        0.713,
        0.721,
        0.617,
        0.754,
        0.847,
        0.763,
        0.643,
        0.545,
        0.622,
        0.816,
        0.09,
        0.398,
        0.734,
        0.681,
        0.778,
        0.813,
        0.777,
        0.46,
        1.0,
        0.859,
        0.438
      ],
      [
        0.69,
        0.751,
        0.573,
        0.819,
        0.83,
        0.768,
        0.711,
        0.625,
        0.608,
        0.786,
        0.134,
        0.486,
        0.802,
        0.516,
        0.789,
        0.795,
        0.831,
        0.545,
        0.859,
        1.0,
        0.555
      ],
      [
        0.645,
        0.33,
        0.436,
        0.364,
        0.503,
        0.556,
        0.486,
        0.127,
        0.096,
        0.507,
        0.09,
        0.187,
        0.553,
        0.017,
        0.28,
        0.454,
        0.404,
        0.467,
        0.438,
        0.555,
        1.0
      ]
    ],
    "top_pairs": [
      {
        "pair": "其他 ↔ 化工/材料",
        "correlation": 0.916
      },
      {
        "pair": "其他 ↔ 消费电子/元器件",
        "correlation": 0.915
      },
      {
        "pair": "其他 ↔ 汽车零部件",
        "correlation": 0.911
      },
      {
        "pair": "化工/材料 ↔ 新能源/电力设备",
        "correlation": 0.904
      },
      {
        "pair": "半导体设备 ↔ 半导体零部件",
        "correlation": 0.9
      },
      {
        "pair": "汽车零部件 ↔ 消费电子/元器件",
        "correlation": 0.899
      },
      {
        "pair": "光通信与光学 ↔ 消费电子/元器件",
        "correlation": 0.882
      },
      {
        "pair": "地产/基建 ↔ 消费/医药/传媒",
        "correlation": 0.882
      },
      {
        "pair": "其他 ↔ 消费/医药/传媒",
        "correlation": 0.868
      },
      {
        "pair": "软件与IT服务 ↔ 通信/6G",
        "correlation": 0.859
      }
    ]
  },
  "group_matrix_60d": {
    "groups": [
      "AI算力",
      "IC设计",
      "低空经济/航空",
      "光通信与光学",
      "其他",
      "化工/材料",
      "半导体材料",
      "半导体设备",
      "半导体零部件",
      "地产/基建",
      "封测与基板",
      "工业设备/通用机械",
      "新能源/电力设备",
      "机器人/自动化",
      "汽车零部件",
      "消费/医药/传媒",
      "消费电子/元器件",
      "电力运营",
      "软件与IT服务",
      "通信/6G",
      "金融/综合"
    ],
    "dates": [
      "20260421",
      "20260422",
      "20260423",
      "20260424",
      "20260427",
      "20260428",
      "20260429",
      "20260430",
      "20260506",
      "20260507",
      "20260508",
      "20260511",
      "20260512",
      "20260513",
      "20260514",
      "20260515",
      "20260518",
      "20260519",
      "20260520",
      "20260521"
    ],
    "window_days": 60,
    "matrix": [
      [
        1.0,
        0.751,
        0.644,
        0.603,
        0.763,
        0.715,
        0.609,
        0.586,
        0.589,
        0.684,
        0.22,
        0.591,
        0.799,
        0.618,
        0.697,
        0.701,
        0.755,
        0.444,
        0.785,
        0.693,
        0.612
      ],
      [
        0.751,
        1.0,
        0.654,
        0.688,
        0.812,
        0.803,
        0.75,
        0.771,
        0.732,
        0.733,
        0.407,
        0.702,
        0.768,
        0.744,
        0.797,
        0.759,
        0.807,
        0.337,
        0.81,
        0.699,
        0.487
      ],
      [
        0.644,
        0.654,
        1.0,
        0.577,
        0.721,
        0.677,
        0.503,
        0.454,
        0.441,
        0.702,
        0.267,
        0.489,
        0.75,
        0.637,
        0.759,
        0.793,
        0.739,
        0.332,
        0.768,
        0.654,
        0.565
      ],
      [
        0.603,
        0.688,
        0.577,
        1.0,
        0.794,
        0.724,
        0.678,
        0.729,
        0.716,
        0.759,
        0.447,
        0.612,
        0.657,
        0.677,
        0.857,
        0.666,
        0.861,
        0.322,
        0.744,
        0.763,
        0.489
      ],
      [
        0.763,
        0.812,
        0.721,
        0.794,
        1.0,
        0.899,
        0.759,
        0.744,
        0.725,
        0.907,
        0.458,
        0.772,
        0.835,
        0.833,
        0.889,
        0.879,
        0.908,
        0.539,
        0.892,
        0.77,
        0.651
      ],
      [
        0.715,
        0.803,
        0.677,
        0.724,
        0.899,
        1.0,
        0.754,
        0.709,
        0.716,
        0.866,
        0.444,
        0.779,
        0.87,
        0.724,
        0.833,
        0.875,
        0.842,
        0.535,
        0.851,
        0.697,
        0.678
      ],
      [
        0.609,
        0.75,
        0.503,
        0.678,
        0.759,
        0.754,
        1.0,
        0.845,
        0.835,
        0.693,
        0.487,
        0.62,
        0.669,
        0.669,
        0.669,
        0.693,
        0.761,
        0.452,
        0.699,
        0.71,
        0.585
      ],
      [
        0.586,
        0.771,
        0.454,
        0.729,
        0.744,
        0.709,
        0.845,
        1.0,
        0.924,
        0.698,
        0.501,
        0.653,
        0.664,
        0.751,
        0.756,
        0.668,
        0.823,
        0.276,
        0.7,
        0.671,
        0.405
      ],
      [
        0.589,
        0.732,
        0.441,
        0.716,
        0.725,
        0.716,
        0.835,
        0.924,
        1.0,
        0.689,
        0.468,
        0.647,
        0.653,
        0.747,
        0.728,
        0.654,
        0.783,
        0.313,
        0.728,
        0.649,
        0.37
      ],
      [
        0.684,
        0.733,
        0.702,
        0.759,
        0.907,
        0.866,
        0.693,
        0.698,
        0.689,
        1.0,
        0.383,
        0.728,
        0.792,
        0.772,
        0.849,
        0.929,
        0.871,
        0.583,
        0.911,
        0.726,
        0.645
      ],
      [
        0.22,
        0.407,
        0.267,
        0.447,
        0.458,
        0.444,
        0.487,
        0.501,
        0.468,
        0.383,
        1.0,
        0.398,
        0.312,
        0.404,
        0.385,
        0.335,
        0.497,
        0.183,
        0.315,
        0.244,
        0.231
      ],
      [
        0.591,
        0.702,
        0.489,
        0.612,
        0.772,
        0.779,
        0.62,
        0.653,
        0.647,
        0.728,
        0.398,
        1.0,
        0.671,
        0.703,
        0.746,
        0.667,
        0.724,
        0.293,
        0.695,
        0.594,
        0.484
      ],
      [
        0.799,
        0.768,
        0.75,
        0.657,
        0.835,
        0.87,
        0.669,
        0.664,
        0.653,
        0.792,
        0.312,
        0.671,
        1.0,
        0.64,
        0.777,
        0.832,
        0.837,
        0.534,
        0.846,
        0.756,
        0.696
      ],
      [
        0.618,
        0.744,
        0.637,
        0.677,
        0.833,
        0.724,
        0.669,
        0.751,
        0.747,
        0.772,
        0.404,
        0.703,
        0.64,
        1.0,
        0.831,
        0.767,
        0.823,
        0.381,
        0.815,
        0.597,
        0.362
      ],
      [
        0.697,
        0.797,
        0.759,
        0.857,
        0.889,
        0.833,
        0.669,
        0.756,
        0.728,
        0.849,
        0.385,
        0.746,
        0.777,
        0.831,
        1.0,
        0.829,
        0.92,
        0.397,
        0.858,
        0.776,
        0.522
      ],
      [
        0.701,
        0.759,
        0.793,
        0.666,
        0.879,
        0.875,
        0.693,
        0.668,
        0.654,
        0.929,
        0.335,
        0.667,
        0.832,
        0.767,
        0.829,
        1.0,
        0.844,
        0.578,
        0.902,
        0.746,
        0.59
      ],
      [
        0.755,
        0.807,
        0.739,
        0.861,
        0.908,
        0.842,
        0.761,
        0.823,
        0.783,
        0.871,
        0.497,
        0.724,
        0.837,
        0.823,
        0.92,
        0.844,
        1.0,
        0.481,
        0.879,
        0.76,
        0.594
      ],
      [
        0.444,
        0.337,
        0.332,
        0.322,
        0.539,
        0.535,
        0.452,
        0.276,
        0.313,
        0.583,
        0.183,
        0.293,
        0.534,
        0.381,
        0.397,
        0.578,
        0.481,
        1.0,
        0.545,
        0.454,
        0.509
      ],
      [
        0.785,
        0.81,
        0.768,
        0.744,
        0.892,
        0.851,
        0.699,
        0.7,
        0.728,
        0.911,
        0.315,
        0.695,
        0.846,
        0.815,
        0.858,
        0.902,
        0.879,
        0.545,
        1.0,
        0.781,
        0.609
      ],
      [
        0.693,
        0.699,
        0.654,
        0.763,
        0.77,
        0.697,
        0.71,
        0.671,
        0.649,
        0.726,
        0.244,
        0.594,
        0.756,
        0.597,
        0.776,
        0.746,
        0.76,
        0.454,
        0.781,
        1.0,
        0.57
      ],
      [
        0.612,
        0.487,
        0.565,
        0.489,
        0.651,
        0.678,
        0.585,
        0.405,
        0.37,
        0.645,
        0.231,
        0.484,
        0.696,
        0.362,
        0.522,
        0.59,
        0.594,
        0.509,
        0.609,
        0.57,
        1.0
      ]
    ],
    "top_pairs": [
      {
        "pair": "地产/基建 ↔ 消费/医药/传媒",
        "correlation": 0.929
      },
      {
        "pair": "半导体设备 ↔ 半导体零部件",
        "correlation": 0.924
      },
      {
        "pair": "汽车零部件 ↔ 消费电子/元器件",
        "correlation": 0.92
      },
      {
        "pair": "地产/基建 ↔ 软件与IT服务",
        "correlation": 0.911
      },
      {
        "pair": "其他 ↔ 消费电子/元器件",
        "correlation": 0.908
      },
      {
        "pair": "其他 ↔ 地产/基建",
        "correlation": 0.907
      },
      {
        "pair": "消费/医药/传媒 ↔ 软件与IT服务",
        "correlation": 0.902
      },
      {
        "pair": "其他 ↔ 化工/材料",
        "correlation": 0.899
      },
      {
        "pair": "其他 ↔ 软件与IT服务",
        "correlation": 0.892
      },
      {
        "pair": "其他 ↔ 汽车零部件",
        "correlation": 0.889
      }
    ]
  },
  "stock_chain_corr": [
    {
      "code": "000026.SZ",
      "name": "飞亚达",
      "group": "消费/医药/传媒",
      "corr_chain1": -0.322,
      "corr_chain2": 0,
      "beta_chain1": 0,
      "beta_chain2": 0
    },
    {
      "code": "000029.SZ",
      "name": "深深房Ａ",
      "group": "地产/基建",
      "corr_chain1": 0.348,
      "corr_chain2": 0,
      "beta_chain1": 0,
      "beta_chain2": 0
    },
    {
      "code": "000060.SZ",
      "name": "中金岭南",
      "group": "化工/材料",
      "corr_chain1": 0.478,
      "corr_chain2": 0,
      "beta_chain1": 0,
      "beta_chain2": 0
    },
    {
      "code": "000062.SZ",
      "name": "深圳华强",
      "group": "消费电子/元器件",
      "corr_chain1": 0.644,
      "corr_chain2": 0,
      "beta_chain1": 0,
      "beta_chain2": 0
    },
    {
      "code": "000066.SZ",
      "name": "中国长城",
      "group": "AI算力",
      "corr_chain1": 0.327,
      "corr_chain2": 0,
      "beta_chain1": 0,
      "beta_chain2": 0
    },
    {
      "code": "000338.SZ",
      "name": "潍柴动力",
      "group": "汽车零部件",
      "corr_chain1": 0.357,
      "corr_chain2": 0,
      "beta_chain1": 0,
      "beta_chain2": 0
    },
    {
      "code": "000402.SZ",
      "name": "金融街",
      "group": "地产/基建",
      "corr_chain1": 0.517,
      "corr_chain2": 0,
      "beta_chain1": 0,
      "beta_chain2": 0
    },
    {
      "code": "000539.SZ",
      "name": "粤电力Ａ",
      "group": "电力运营",
      "corr_chain1": 0.264,
      "corr_chain2": 0,
      "beta_chain1": 0,
      "beta_chain2": 0
    },
    {
      "code": "000593.SZ",
      "name": "德龙汇能",
      "group": "电力运营",
      "corr_chain1": 0.104,
      "corr_chain2": 0,
      "beta_chain1": 0,
      "beta_chain2": 0
    },
    {
      "code": "000601.SZ",
      "name": "韶能股份",
      "group": "电力运营",
      "corr_chain1": 0.157,
      "corr_chain2": 0,
      "beta_chain1": 0,
      "beta_chain2": 0
    },
    {
      "code": "000609.SZ",
      "name": "*ST中迪",
      "group": "地产/基建",
      "corr_chain1": 0.105,
      "corr_chain2": 0,
      "beta_chain1": 0,
      "beta_chain2": 0
    },
    {
      "code": "000636.SZ",
      "name": "风华高科",
      "group": "消费电子/元器件",
      "corr_chain1": 0.36,
      "corr_chain2": 0,
      "beta_chain1": 0,
      "beta_chain2": 0
    },
    {
      "code": "000697.SZ",
      "name": "炼石航空",
      "group": "低空经济/航空",
      "corr_chain1": 0.059,
      "corr_chain2": 0,
      "beta_chain1": 0,
      "beta_chain2": 0
    },
    {
      "code": "000703.SZ",
      "name": "恒逸石化",
      "group": "化工/材料",
      "corr_chain1": 0.299,
      "corr_chain2": 0,
      "beta_chain1": 0,
      "beta_chain2": 0
    },
    {
      "code": "000711.SZ",
      "name": "ST京蓝",
      "group": "其他",
      "corr_chain1": 0.416,
      "corr_chain2": 0,
      "beta_chain1": 0,
      "beta_chain2": 0
    },
    {
      "code": "000767.SZ",
      "name": "晋控电力",
      "group": "电力运营",
      "corr_chain1": 0.3,
      "corr_chain2": 0,
      "beta_chain1": 0,
      "beta_chain2": 0
    },
    {
      "code": "000782.SZ",
      "name": "恒申新材",
      "group": "化工/材料",
      "corr_chain1": 0.375,
      "corr_chain2": 0,
      "beta_chain1": 0,
      "beta_chain2": 0
    },
    {
      "code": "000791.SZ",
      "name": "甘肃能源",
      "group": "电力运营",
      "corr_chain1": 0.319,
      "corr_chain2": 0,
      "beta_chain1": 0,
      "beta_chain2": 0
    },
    {
      "code": "000811.SZ",
      "name": "冰轮环境",
      "group": "工业设备/通用机械",
      "corr_chain1": 0.534,
      "corr_chain2": 0,
      "beta_chain1": 0,
      "beta_chain2": 0
    },
    {
      "code": "000889.SZ",
      "name": "中嘉博创",
      "group": "通信/6G",
      "corr_chain1": 0.439,
      "corr_chain2": 0,
      "beta_chain1": 0,
      "beta_chain2": 0
    },
    {
      "code": "000925.SZ",
      "name": "众合科技",
      "group": "工业设备/通用机械",
      "corr_chain1": 0.325,
      "corr_chain2": 0,
      "beta_chain1": 0,
      "beta_chain2": 0
    },
    {
      "code": "000967.SZ",
      "name": "盈峰环境",
      "group": "其他",
      "corr_chain1": 0.298,
      "corr_chain2": 0,
      "beta_chain1": 0,
      "beta_chain2": 0
    },
    {
      "code": "000988.SZ",
      "name": "华工科技",
      "group": "光通信与光学",
      "corr_chain1": 0.591,
      "corr_chain2": 0,
      "beta_chain1": 0,
      "beta_chain2": 0
    },
    {
      "code": "000990.SZ",
      "name": "诚志股份",
      "group": "化工/材料",
      "corr_chain1": 0.454,
      "corr_chain2": 0,
      "beta_chain1": 0,
      "beta_chain2": 0
    },
    {
      "code": "001210.SZ",
      "name": "金房能源",
      "group": "电力运营",
      "corr_chain1": 0.45,
      "corr_chain2": 0,
      "beta_chain1": 0,
      "beta_chain2": 0
    },
    {
      "code": "001211.SZ",
      "name": "双枪科技",
      "group": "消费/医药/传媒",
      "corr_chain1": 0.602,
      "corr_chain2": 0,
      "beta_chain1": 0,
      "beta_chain2": 0
    },
    {
      "code": "001234.SZ",
      "name": "泰慕士",
      "group": "消费/医药/传媒",
      "corr_chain1": 0.258,
      "corr_chain2": 0,
      "beta_chain1": 0,
      "beta_chain2": 0
    },
    {
      "code": "001259.SZ",
      "name": "利仁科技",
      "group": "消费/医药/传媒",
      "corr_chain1": -0.008,
      "corr_chain2": 0,
      "beta_chain1": 0,
      "beta_chain2": 0
    },
    {
      "code": "001266.SZ",
      "name": "宏英智能",
      "group": "工业设备/通用机械",
      "corr_chain1": 0.19,
      "corr_chain2": 0,
      "beta_chain1": 0,
      "beta_chain2": 0
    },
    {
      "code": "001267.SZ",
      "name": "汇绿生态",
      "group": "地产/基建",
      "corr_chain1": 0.012,
      "corr_chain2": 0,
      "beta_chain1": 0,
      "beta_chain2": 0
    },
    {
      "code": "001268.SZ",
      "name": "联合精密",
      "group": "工业设备/通用机械",
      "corr_chain1": 0.64,
      "corr_chain2": 0,
      "beta_chain1": 0,
      "beta_chain2": 0
    },
    {
      "code": "001270.SZ",
      "name": "铖昌科技",
      "group": "IC设计",
      "corr_chain1": -0.424,
      "corr_chain2": 0,
      "beta_chain1": 0,
      "beta_chain2": 0
    },
    {
      "code": "001309.SZ",
      "name": "德明利",
      "group": "IC设计",
      "corr_chain1": 0.503,
      "corr_chain2": 0,
      "beta_chain1": 0,
      "beta_chain2": 0
    },
    {
      "code": "001314.SZ",
      "name": "亿道信息",
      "group": "消费电子/元器件",
      "corr_chain1": 0.397,
      "corr_chain2": 0,
      "beta_chain1": 0,
      "beta_chain2": 0
    },
    {
      "code": "001330.SZ",
      "name": "博纳影业",
      "group": "消费/医药/传媒",
      "corr_chain1": 0.472,
      "corr_chain2": 0,
      "beta_chain1": 0,
      "beta_chain2": 0
    },
    {
      "code": "001339.SZ",
      "name": "智微智能",
      "group": "AI算力",
      "corr_chain1": 0.683,
      "corr_chain2": 0,
      "beta_chain1": 0,
      "beta_chain2": 0
    },
    {
      "code": "001359.SZ",
      "name": "平安电工",
      "group": "新能源/电力设备",
      "corr_chain1": 0.409,
      "corr_chain2": 0,
      "beta_chain1": 0,
      "beta_chain2": 0
    },
    {
      "code": "001389.SZ",
      "name": "广合科技",
      "group": "消费电子/元器件",
      "corr_chain1": 0.512,
      "corr_chain2": 0,
      "beta_chain1": 0,
      "beta_chain2": 0
    },
    {
      "code": "001896.SZ",
      "name": "豫能控股",
      "group": "电力运营",
      "corr_chain1": -0.132,
      "corr_chain2": 0,
      "beta_chain1": 0,
      "beta_chain2": 0
    },
    {
      "code": "002008.SZ",
      "name": "大族激光",
      "group": "工业设备/通用机械",
      "corr_chain1": 0.462,
      "corr_chain2": 0,
      "beta_chain1": 0,
      "beta_chain2": 0
    },
    {
      "code": "002015.SZ",
      "name": "协鑫能科",
      "group": "电力运营",
      "corr_chain1": 0.308,
      "corr_chain2": 0,
      "beta_chain1": 0,
      "beta_chain2": 0
    },
    {
      "code": "002031.SZ",
      "name": "巨轮智能",
      "group": "机器人/自动化",
      "corr_chain1": 0.147,
      "corr_chain2": 0,
      "beta_chain1": 0,
      "beta_chain2": 0
    },
    {
      "code": "002046.SZ",
      "name": "国机精工",
      "group": "工业设备/通用机械",
      "corr_chain1": 0.368,
      "corr_chain2": 0,
      "beta_chain1": 0,
      "beta_chain2": 0
    },
    {
      "code": "002062.SZ",
      "name": "宏润建设",
      "group": "地产/基建",
      "corr_chain1": 0.341,
      "corr_chain2": 0,
      "beta_chain1": 0,
      "beta_chain2": 0
    },
    {
      "code": "002079.SZ",
      "name": "苏州固锝",
      "group": "消费电子/元器件",
      "corr_chain1": 0.824,
      "corr_chain2": 0,
      "beta_chain1": 0,
      "beta_chain2": 0
    },
    {
      "code": "002080.SZ",
      "name": "中材科技",
      "group": "化工/材料",
      "corr_chain1": 0.158,
      "corr_chain2": 0,
      "beta_chain1": 0,
      "beta_chain2": 0
    },
    {
      "code": "002081.SZ",
      "name": "金螳螂",
      "group": "地产/基建",
      "corr_chain1": 0.435,
      "corr_chain2": 0,
      "beta_chain1": 0,
      "beta_chain2": 0
    },
    {
      "code": "002132.SZ",
      "name": "恒星科技",
      "group": "化工/材料",
      "corr_chain1": -0.069,
      "corr_chain2": 0,
      "beta_chain1": 0,
      "beta_chain2": 0
    },
    {
      "code": "002134.SZ",
      "name": "天津普林",
      "group": "消费电子/元器件",
      "corr_chain1": 0.43,
      "corr_chain2": 0,
      "beta_chain1": 0,
      "beta_chain2": 0
    },
    {
      "code": "002135.SZ",
      "name": "东南网架",
      "group": "地产/基建",
      "corr_chain1": 0.48,
      "corr_chain2": 0,
      "beta_chain1": 0,
      "beta_chain2": 0
    },
    {
      "code": "002149.SZ",
      "name": "西部材料",
      "group": "化工/材料",
      "corr_chain1": 0.154,
      "corr_chain2": 0,
      "beta_chain1": 0,
      "beta_chain2": 0
    },
    {
      "code": "002156.SZ",
      "name": "通富微电",
      "group": "封测与基板",
      "corr_chain1": 0.565,
      "corr_chain2": 0,
      "beta_chain1": 0,
      "beta_chain2": 0
    },
    {
      "code": "002158.SZ",
      "name": "汉钟精机",
      "group": "半导体零部件",
      "corr_chain1": 0.651,
      "corr_chain2": 0,
      "beta_chain1": 0,
      "beta_chain2": 0
    },
    {
      "code": "002176.SZ",
      "name": "江特电机",
      "group": "新能源/电力设备",
      "corr_chain1": 0.434,
      "corr_chain2": 0,
      "beta_chain1": 0,
      "beta_chain2": 0
    },
    {
      "code": "002181.SZ",
      "name": "粤传媒",
      "group": "消费/医药/传媒",
      "corr_chain1": 0.251,
      "corr_chain2": 0,
      "beta_chain1": 0,
      "beta_chain2": 0
    },
    {
      "code": "002183.SZ",
      "name": "怡亚通",
      "group": "消费/医药/传媒",
      "corr_chain1": 0.608,
      "corr_chain2": 0,
      "beta_chain1": 0,
      "beta_chain2": 0
    },
    {
      "code": "002192.SZ",
      "name": "融捷股份",
      "group": "化工/材料",
      "corr_chain1": 0.567,
      "corr_chain2": 0,
      "beta_chain1": 0,
      "beta_chain2": 0
    },
    {
      "code": "002199.SZ",
      "name": "*ST东晶",
      "group": "消费电子/元器件",
      "corr_chain1": 0.419,
      "corr_chain2": 0,
      "beta_chain1": 0,
      "beta_chain2": 0
    },
    {
      "code": "002203.SZ",
      "name": "海亮股份",
      "group": "化工/材料",
      "corr_chain1": 0.299,
      "corr_chain2": 0,
      "beta_chain1": 0,
      "beta_chain2": 0
    },
    {
      "code": "002207.SZ",
      "name": "*ST准油",
      "group": "其他",
      "corr_chain1": 0.48,
      "corr_chain2": 0,
      "beta_chain1": 0,
      "beta_chain2": 0
    },
    {
      "code": "002208.SZ",
      "name": "合肥城建",
      "group": "地产/基建",
      "corr_chain1": 0.593,
      "corr_chain2": 0,
      "beta_chain1": 0,
      "beta_chain2": 0
    },
    {
      "code": "002213.SZ",
      "name": "大为股份",
      "group": "汽车零部件",
      "corr_chain1": 0.649,
      "corr_chain2": 0,
      "beta_chain1": 0,
      "beta_chain2": 0
    },
    {
      "code": "002222.SZ",
      "name": "福晶科技",
      "group": "光通信与光学",
      "corr_chain1": 0.39,
      "corr_chain2": 0,
      "beta_chain1": 0,
      "beta_chain2": 0
    },
    {
      "code": "002240.SZ",
      "name": "盛新锂能",
      "group": "化工/材料",
      "corr_chain1": 0.396,
      "corr_chain2": 0,
      "beta_chain1": 0,
      "beta_chain2": 0
    },
    {
      "code": "002245.SZ",
      "name": "蔚蓝锂芯",
      "group": "新能源/电力设备",
      "corr_chain1": -0.043,
      "corr_chain2": 0,
      "beta_chain1": 0,
      "beta_chain2": 0
    },
    {
      "code": "002254.SZ",
      "name": "泰和新材",
      "group": "化工/材料",
      "corr_chain1": 0.192,
      "corr_chain2": 0,
      "beta_chain1": 0,
      "beta_chain2": 0
    },
    {
      "code": "002256.SZ",
      "name": "兆新股份",
      "group": "新能源/电力设备",
      "corr_chain1": 0.402,
      "corr_chain2": 0,
      "beta_chain1": 0,
      "beta_chain2": 0
    },
    {
      "code": "002273.SZ",
      "name": "水晶光电",
      "group": "光通信与光学",
      "corr_chain1": 0.831,
      "corr_chain2": 0,
      "beta_chain1": 0,
      "beta_chain2": 0
    },
    {
      "code": "002281.SZ",
      "name": "光迅科技",
      "group": "光通信与光学",
      "corr_chain1": 0.574,
      "corr_chain2": 0,
      "beta_chain1": 0,
      "beta_chain2": 0
    },
    {
      "code": "002290.SZ",
      "name": "禾盛新材",
      "group": "消费/医药/传媒",
      "corr_chain1": 0.221,
      "corr_chain2": 0,
      "beta_chain1": 0,
      "beta_chain2": 0
    },
    {
      "code": "002297.SZ",
      "name": "博云新材",
      "group": "低空经济/航空",
      "corr_chain1": -0.239,
      "corr_chain2": 0,
      "beta_chain1": 0,
      "beta_chain2": 0
    },
    {
      "code": "002328.SZ",
      "name": "新朋股份",
      "group": "汽车零部件",
      "corr_chain1": 0.726,
      "corr_chain2": 0,
      "beta_chain1": 0,
      "beta_chain2": 0
    },
    {
      "code": "002342.SZ",
      "name": "巨力索具",
      "group": "工业设备/通用机械",
      "corr_chain1": 0.379,
      "corr_chain2": 0,
      "beta_chain1": 0,
      "beta_chain2": 0
    },
    {
      "code": "002348.SZ",
      "name": "高乐股份",
      "group": "消费/医药/传媒",
      "corr_chain1": 0.315,
      "corr_chain2": 0,
      "beta_chain1": 0,
      "beta_chain2": 0
    },
    {
      "code": "002353.SZ",
      "name": "杰瑞股份",
      "group": "工业设备/通用机械",
      "corr_chain1": 0.33,
      "corr_chain2": 0,
      "beta_chain1": 0,
      "beta_chain2": 0
    },
    {
      "code": "002361.SZ",
      "name": "神剑股份",
      "group": "化工/材料",
      "corr_chain1": 0.272,
      "corr_chain2": 0,
      "beta_chain1": 0,
      "beta_chain2": 0
    },
    {
      "code": "002364.SZ",
      "name": "中恒电气",
      "group": "新能源/电力设备",
      "corr_chain1": 0.431,
      "corr_chain2": 0,
      "beta_chain1": 0,
      "beta_chain2": 0
    },
    {
      "code": "002371.SZ",
      "name": "北方华创",
      "group": "半导体设备",
      "corr_chain1": 0.498,
      "corr_chain2": 0,
      "beta_chain1": 0,
      "beta_chain2": 0
    },
    {
      "code": "002380.SZ",
      "name": "科远智慧",
      "group": "软件与IT服务",
      "corr_chain1": -0.301,
      "corr_chain2": 0,
      "beta_chain1": 0,
      "beta_chain2": 0
    },
    {
      "code": "002384.SZ",
      "name": "东山精密",
      "group": "消费电子/元器件",
      "corr_chain1": 0.62,
      "corr_chain2": 0,
      "beta_chain1": 0,
      "beta_chain2": 0
    },
    {
      "code": "002392.SZ",
      "name": "北京利尔",
      "group": "化工/材料",
      "corr_chain1": 0.265,
      "corr_chain2": 0,
      "beta_chain1": 0,
      "beta_chain2": 0
    },
    {
      "code": "002397.SZ",
      "name": "梦洁股份",
      "group": "消费/医药/传媒",
      "corr_chain1": 0.317,
      "corr_chain2": 0,
      "beta_chain1": 0,
      "beta_chain2": 0
    },
    {
      "code": "002407.SZ",
      "name": "多氟多",
      "group": "化工/材料",
      "corr_chain1": 0.216,
      "corr_chain2": 0,
      "beta_chain1": 0,
      "beta_chain2": 0
    },
    {
      "code": "002409.SZ",
      "name": "雅克科技",
      "group": "半导体零部件",
      "corr_chain1": 0.484,
      "corr_chain2": 0,
      "beta_chain1": 0,
      "beta_chain2": 0
    },
    {
      "code": "002418.SZ",
      "name": "康盛股份",
      "group": "消费/医药/传媒",
      "corr_chain1": 0.685,
      "corr_chain2": 0,
      "beta_chain1": 0,
      "beta_chain2": 0
    },
    {
      "code": "002428.SZ",
      "name": "云南锗业",
      "group": "化工/材料",
      "corr_chain1": 0.495,
      "corr_chain2": 0,
      "beta_chain1": 0,
      "beta_chain2": 0
    },
    {
      "code": "002429.SZ",
      "name": "兆驰股份",
      "group": "消费电子/元器件",
      "corr_chain1": 0.643,
      "corr_chain2": 0,
      "beta_chain1": 0,
      "beta_chain2": 0
    },
    {
      "code": "002436.SZ",
      "name": "兴森科技",
      "group": "消费电子/元器件",
      "corr_chain1": 0.328,
      "corr_chain2": 0,
      "beta_chain1": 0,
      "beta_chain2": 0
    },
    {
      "code": "002443.SZ",
      "name": "金洲管道",
      "group": "化工/材料",
      "corr_chain1": 0.081,
      "corr_chain2": 0,
      "beta_chain1": 0,
      "beta_chain2": 0
    },
    {
      "code": "002463.SZ",
      "name": "沪电股份",
      "group": "消费电子/元器件",
      "corr_chain1": 0.184,
      "corr_chain2": 0,
      "beta_chain1": 0,
      "beta_chain2": 0
    },
    {
      "code": "002466.SZ",
      "name": "天齐锂业",
      "group": "化工/材料",
      "corr_chain1": 0.506,
      "corr_chain2": 0,
      "beta_chain1": 0,
      "beta_chain2": 0
    },
    {
      "code": "002475.SZ",
      "name": "立讯精密",
      "group": "消费电子/元器件",
      "corr_chain1": 0.58,
      "corr_chain2": 0,
      "beta_chain1": 0,
      "beta_chain2": 0
    },
    {
      "code": "002484.SZ",
      "name": "江海股份",
      "group": "消费电子/元器件",
      "corr_chain1": 0.637,
      "corr_chain2": 0,
      "beta_chain1": 0,
      "beta_chain2": 0
    },
    {
      "code": "002491.SZ",
      "name": "通鼎互联",
      "group": "通信/6G",
      "corr_chain1": 0.586,
      "corr_chain2": 0,
      "beta_chain1": 0,
      "beta_chain2": 0
    },
    {
      "code": "002497.SZ",
      "name": "雅化集团",
      "group": "化工/材料",
      "corr_chain1": 0.394,
      "corr_chain2": 0,
      "beta_chain1": 0,
      "beta_chain2": 0
    },
    {
      "code": "002498.SZ",
      "name": "汉缆股份",
      "group": "新能源/电力设备",
      "corr_chain1": 0.367,
      "corr_chain2": 0,
      "beta_chain1": 0,
      "beta_chain2": 0
    },
    {
      "code": "002512.SZ",
      "name": "ST达华",
      "group": "消费电子/元器件",
      "corr_chain1": 0.507,
      "corr_chain2": 0,
      "beta_chain1": 0,
      "beta_chain2": 0
    },
    {
      "code": "002515.SZ",
      "name": "金字火腿",
      "group": "消费/医药/传媒",
      "corr_chain1": 0.404,
      "corr_chain2": 0,
      "beta_chain1": 0,
      "beta_chain2": 0
    },
    {
      "code": "002536.SZ",
      "name": "飞龙股份",
      "group": "汽车零部件",
      "corr_chain1": 0.573,
      "corr_chain2": 0,
      "beta_chain1": 0,
      "beta_chain2": 0
    },
    {
      "code": "002552.SZ",
      "name": "宝鼎科技",
      "group": "消费电子/元器件",
      "corr_chain1": 0.383,
      "corr_chain2": 0,
      "beta_chain1": 0,
      "beta_chain2": 0
    },
    {
      "code": "002565.SZ",
      "name": "顺灏股份",
      "group": "消费/医药/传媒",
      "corr_chain1": 0.478,
      "corr_chain2": 0,
      "beta_chain1": 0,
      "beta_chain2": 0
    },
    {
      "code": "002569.SZ",
      "name": "*ST步森",
      "group": "消费/医药/传媒",
      "corr_chain1": 0.235,
      "corr_chain2": 0,
      "beta_chain1": 0,
      "beta_chain2": 0
    },
    {
      "code": "002580.SZ",
      "name": "圣阳股份",
      "group": "新能源/电力设备",
      "corr_chain1": 0.084,
      "corr_chain2": 0,
      "beta_chain1": 0,
      "beta_chain2": 0
    },
    {
      "code": "002591.SZ",
      "name": "恒大高新",
      "group": "其他",
      "corr_chain1": 0.452,
      "corr_chain2": 0,
      "beta_chain1": 0,
      "beta_chain2": 0
    },
    {
      "code": "002606.SZ",
      "name": "大连电瓷",
      "group": "新能源/电力设备",
      "corr_chain1": 0.378,
      "corr_chain2": 0,
      "beta_chain1": 0,
      "beta_chain2": 0
    },
    {
      "code": "002631.SZ",
      "name": "德尔未来",
      "group": "消费/医药/传媒",
      "corr_chain1": 0.526,
      "corr_chain2": 0,
      "beta_chain1": 0,
      "beta_chain2": 0
    },
    {
      "code": "002636.SZ",
      "name": "金安国纪",
      "group": "消费电子/元器件",
      "corr_chain1": 0.539,
      "corr_chain2": 0,
      "beta_chain1": 0,
      "beta_chain2": 0
    },
    {
      "code": "002640.SZ",
      "name": "跨境通",
      "group": "消费/医药/传媒",
      "corr_chain1": 0.558,
      "corr_chain2": 0,
      "beta_chain1": 0,
      "beta_chain2": 0
    },
    {
      "code": "002645.SZ",
      "name": "华宏科技",
      "group": "工业设备/通用机械",
      "corr_chain1": 0.705,
      "corr_chain2": 0,
      "beta_chain1": 0,
      "beta_chain2": 0
    },
    {
      "code": "002647.SZ",
      "name": "仁东控股",
      "group": "金融/综合",
      "corr_chain1": 0.293,
      "corr_chain2": 0,
      "beta_chain1": 0,
      "beta_chain2": 0
    },
    {
      "code": "002652.SZ",
      "name": "扬子新材",
      "group": "化工/材料",
      "corr_chain1": 0.405,
      "corr_chain2": 0,
      "beta_chain1": 0,
      "beta_chain2": 0
    },
    {
      "code": "002655.SZ",
      "name": "共达电声",
      "group": "消费电子/元器件",
      "corr_chain1": -0.312,
      "corr_chain2": 0,
      "beta_chain1": 0,
      "beta_chain2": 0
    },
    {
      "code": "002693.SZ",
      "name": "*ST双成",
      "group": "消费/医药/传媒",
      "corr_chain1": 0.378,
      "corr_chain2": 0,
      "beta_chain1": 0,
      "beta_chain2": 0
    },
    {
      "code": "002708.SZ",
      "name": "光洋股份",
      "group": "汽车零部件",
      "corr_chain1": 0.461,
      "corr_chain2": 0,
      "beta_chain1": 0,
      "beta_chain2": 0
    },
    {
      "code": "002709.SZ",
      "name": "天赐材料",
      "group": "化工/材料",
      "corr_chain1": 0.328,
      "corr_chain2": 0,
      "beta_chain1": 0,
      "beta_chain2": 0
    },
    {
      "code": "002741.SZ",
      "name": "光华科技",
      "group": "化工/材料",
      "corr_chain1": 0.47,
      "corr_chain2": 0,
      "beta_chain1": 0,
      "beta_chain2": 0
    },
    {
      "code": "002757.SZ",
      "name": "南兴股份",
      "group": "工业设备/通用机械",
      "corr_chain1": 0.667,
      "corr_chain2": 0,
      "beta_chain1": 0,
      "beta_chain2": 0
    },
    {
      "code": "002782.SZ",
      "name": "可立克",
      "group": "消费电子/元器件",
      "corr_chain1": 0.642,
      "corr_chain2": 0,
      "beta_chain1": 0,
      "beta_chain2": 0
    },
    {
      "code": "002785.SZ",
      "name": "万里石",
      "group": "地产/基建",
      "corr_chain1": 0.281,
      "corr_chain2": 0,
      "beta_chain1": 0,
      "beta_chain2": 0
    },
    {
      "code": "002787.SZ",
      "name": "华源控股",
      "group": "其他",
      "corr_chain1": 0.597,
      "corr_chain2": 0,
      "beta_chain1": 0,
      "beta_chain2": 0
    },
    {
      "code": "002798.SZ",
      "name": "帝欧水华",
      "group": "消费/医药/传媒",
      "corr_chain1": -0.051,
      "corr_chain2": 0,
      "beta_chain1": 0,
      "beta_chain2": 0
    },
    {
      "code": "002803.SZ",
      "name": "吉宏股份",
      "group": "消费/医药/传媒",
      "corr_chain1": 0.468,
      "corr_chain2": 0,
      "beta_chain1": 0,
      "beta_chain2": 0
    },
    {
      "code": "002805.SZ",
      "name": "丰元股份",
      "group": "新能源/电力设备",
      "corr_chain1": 0.396,
      "corr_chain2": 0,
      "beta_chain1": 0,
      "beta_chain2": 0
    },
    {
