{
  "generated": "2026-05-27T17:30:06.753679",
  "chain_correlation": NaN,
  "group_matrix_20d": {
    "groups": [
      "AI算力",
      "IC设计",
      "低空经济/航空",
      "光通信与光学",
      "其他",
      "化工/材料",
      "半导体材料",
      "半导体设备",
      "半导体零部件",
      "地产/基建",
      "封测与基板",
      "工业设备/通用机械",
      "待分类",
      "新能源/电力设备",
      "机器人/自动化",
      "汽车零部件",
      "消费/医药/传媒",
      "消费电子/元器件",
      "生物医药",
      "电力运营",
      "软件与IT服务",
      "通信/6G",
      "金融/综合"
    ],
    "dates": [
      "20260427",
      "20260428",
      "20260429",
      "20260430",
      "20260506",
      "20260507",
      "20260508",
      "20260511",
      "20260512",
      "20260513",
      "20260514",
      "20260515",
      "20260518",
      "20260519",
      "20260520",
      "20260521",
      "20260522",
      "20260525",
      "20260526",
      "20260527"
    ],
    "window_days": 20,
    "matrix": [
      [
        1.0,
        0.633,
        0.626,
        0.635,
        0.782,
        0.862,
        0.604,
        0.418,
        0.514,
        0.432,
        0.309,
        0.66,
        0.621,
        0.819,
        0.482,
        0.765,
        0.648,
        0.627,
        0.423,
        0.317,
        0.781,
        0.71,
        0.705
      ],
      [
        0.633,
        1.0,
        0.659,
        0.792,
        0.559,
        0.756,
        0.872,
        0.829,
        0.788,
        0.238,
        0.745,
        0.833,
        0.672,
        0.737,
        0.624,
        0.838,
        0.566,
        0.831,
        0.502,
        0.25,
        0.711,
        0.793,
        0.399
      ],
      [
        0.626,
        0.659,
        1.0,
        0.747,
        0.71,
        0.68,
        0.554,
        0.42,
        0.452,
        0.225,
        0.398,
        0.655,
        0.606,
        0.643,
        0.635,
        0.797,
        0.66,
        0.665,
        0.363,
        0.194,
        0.714,
        0.68,
        0.335
      ],
      [
        0.635,
        0.792,
        0.747,
        1.0,
        0.689,
        0.726,
        0.682,
        0.648,
        0.672,
        0.303,
        0.531,
        0.87,
        0.681,
        0.724,
        0.608,
        0.914,
        0.604,
        0.811,
        0.336,
        0.249,
        0.849,
        0.92,
        0.279
      ],
      [
        0.782,
        0.559,
        0.71,
        0.689,
        1.0,
        0.749,
        0.533,
        0.381,
        0.39,
        0.388,
        0.307,
        0.663,
        0.67,
        0.753,
        0.613,
        0.737,
        0.576,
        0.692,
        0.431,
        0.587,
        0.743,
        0.769,
        0.514
      ],
      [
        0.862,
        0.756,
        0.68,
        0.726,
        0.749,
        1.0,
        0.716,
        0.572,
        0.671,
        0.392,
        0.493,
        0.789,
        0.768,
        0.901,
        0.559,
        0.842,
        0.617,
        0.819,
        0.417,
        0.286,
        0.833,
        0.752,
        0.634
      ],
      [
        0.604,
        0.872,
        0.554,
        0.682,
        0.533,
        0.716,
        1.0,
        0.829,
        0.798,
        0.415,
        0.625,
        0.735,
        0.573,
        0.658,
        0.558,
        0.766,
        0.52,
        0.717,
        0.504,
        0.356,
        0.68,
        0.762,
        0.541
      ],
      [
        0.418,
        0.829,
        0.42,
        0.648,
        0.381,
        0.572,
        0.829,
        1.0,
        0.908,
        0.27,
        0.786,
        0.733,
        0.602,
        0.503,
        0.622,
        0.674,
        0.396,
        0.683,
        0.433,
        0.179,
        0.61,
        0.663,
        0.236
      ],
      [
        0.514,
        0.788,
        0.452,
        0.672,
        0.39,
        0.671,
        0.798,
        0.908,
        1.0,
        0.344,
        0.697,
        0.806,
        0.571,
        0.551,
        0.652,
        0.724,
        0.456,
        0.641,
        0.268,
        0.126,
        0.717,
        0.68,
        0.206
      ],
      [
        0.432,
        0.238,
        0.225,
        0.303,
        0.388,
        0.392,
        0.415,
        0.27,
        0.344,
        1.0,
        0.018,
        0.441,
        0.337,
        0.323,
        0.529,
        0.535,
        0.405,
        0.11,
        0.43,
        0.052,
        0.46,
        0.267,
        0.4
      ],
      [
        0.309,
        0.745,
        0.398,
        0.531,
        0.307,
        0.493,
        0.625,
        0.786,
        0.697,
        0.018,
        1.0,
        0.669,
        0.555,
        0.308,
        0.517,
        0.573,
        0.207,
        0.686,
        0.235,
        0.059,
        0.474,
        0.464,
        0.111
      ],
      [
        0.66,
        0.833,
        0.655,
        0.87,
        0.663,
        0.789,
        0.735,
        0.733,
        0.806,
        0.441,
        0.669,
        1.0,
        0.739,
        0.687,
        0.725,
        0.905,
        0.661,
        0.819,
        0.403,
        0.172,
        0.842,
        0.791,
        0.284
      ],
      [
        0.621,
        0.672,
        0.606,
        0.681,
        0.67,
        0.768,
        0.573,
        0.602,
        0.571,
        0.337,
        0.555,
        0.739,
        1.0,
        0.67,
        0.654,
        0.778,
        0.708,
        0.862,
        0.619,
        0.424,
        0.697,
        0.639,
        0.367
      ],
      [
        0.819,
        0.737,
        0.643,
        0.724,
        0.753,
        0.901,
        0.658,
        0.503,
        0.551,
        0.323,
        0.308,
        0.687,
        0.67,
        1.0,
        0.436,
        0.781,
        0.633,
        0.73,
        0.554,
        0.359,
        0.714,
        0.805,
        0.626
      ],
      [
        0.482,
        0.624,
        0.635,
        0.608,
        0.613,
        0.559,
        0.558,
        0.622,
        0.652,
        0.529,
        0.517,
        0.725,
        0.654,
        0.436,
        1.0,
        0.753,
        0.676,
        0.602,
        0.353,
        0.201,
        0.746,
        0.566,
        0.061
      ],
      [
        0.765,
        0.838,
        0.797,
        0.914,
        0.737,
        0.842,
        0.766,
        0.674,
        0.724,
        0.535,
        0.573,
        0.905,
        0.778,
        0.781,
        0.753,
        1.0,
        0.707,
        0.807,
        0.511,
        0.225,
        0.872,
        0.85,
        0.441
      ],
      [
        0.648,
        0.566,
        0.66,
        0.604,
        0.576,
        0.617,
        0.52,
        0.396,
        0.456,
        0.405,
        0.207,
        0.661,
        0.708,
        0.633,
        0.676,
        0.707,
        1.0,
        0.62,
        0.578,
        0.268,
        0.698,
        0.602,
        0.277
      ],
      [
        0.627,
        0.831,
        0.665,
        0.811,
        0.692,
        0.819,
        0.717,
        0.683,
        0.641,
        0.11,
        0.686,
        0.819,
        0.862,
        0.73,
        0.602,
        0.807,
        0.62,
        1.0,
        0.434,
        0.429,
        0.746,
        0.798,
        0.373
      ],
      [
        0.423,
        0.502,
        0.363,
        0.336,
        0.431,
        0.417,
        0.504,
        0.433,
        0.268,
        0.43,
        0.235,
        0.403,
        0.619,
        0.554,
        0.353,
        0.511,
        0.578,
        0.434,
        1.0,
        0.325,
        0.269,
        0.415,
        0.501
      ],
      [
        0.317,
        0.25,
        0.194,
        0.249,
        0.587,
        0.286,
        0.356,
        0.179,
        0.126,
        0.052,
        0.059,
        0.172,
        0.424,
        0.359,
        0.201,
        0.225,
        0.268,
        0.429,
        0.325,
        1.0,
        0.252,
        0.493,
        0.39
      ],
      [
        0.781,
        0.711,
        0.714,
        0.849,
        0.743,
        0.833,
        0.68,
        0.61,
        0.717,
        0.46,
        0.474,
        0.842,
        0.697,
        0.714,
        0.746,
        0.872,
        0.698,
        0.746,
        0.269,
        0.252,
        1.0,
        0.835,
        0.359
      ],
      [
        0.71,
        0.793,
        0.68,
        0.92,
        0.769,
        0.752,
        0.762,
        0.663,
        0.68,
        0.267,
        0.464,
        0.791,
        0.639,
        0.805,
        0.566,
        0.85,
        0.602,
        0.798,
        0.415,
        0.493,
        0.835,
        1.0,
        0.449
      ],
      [
        0.705,
        0.399,
        0.335,
        0.279,
        0.514,
        0.634,
        0.541,
        0.236,
        0.206,
        0.4,
        0.111,
        0.284,
        0.367,
        0.626,
        0.061,
        0.441,
        0.277,
        0.373,
        0.501,
        0.39,
        0.359,
        0.449,
        1.0
      ]
    ],
    "top_pairs": [
      {
        "pair": "光通信与光学 ↔ 通信/6G",
        "correlation": 0.92
      },
      {
        "pair": "光通信与光学 ↔ 汽车零部件",
        "correlation": 0.914
      },
      {
        "pair": "半导体设备 ↔ 半导体零部件",
        "correlation": 0.908
      },
      {
        "pair": "工业设备/通用机械 ↔ 汽车零部件",
        "correlation": 0.905
      },
      {
        "pair": "化工/材料 ↔ 新能源/电力设备",
        "correlation": 0.901
      },
      {
        "pair": "IC设计 ↔ 半导体材料",
        "correlation": 0.872
      },
      {
        "pair": "汽车零部件 ↔ 软件与IT服务",
        "correlation": 0.872
      },
      {
        "pair": "光通信与光学 ↔ 工业设备/通用机械",
        "correlation": 0.87
      },
      {
        "pair": "AI算力 ↔ 化工/材料",
        "correlation": 0.862
      },
      {
        "pair": "待分类 ↔ 消费电子/元器件",
        "correlation": 0.862
      }
    ]
  },
  "group_matrix_60d": {
    "groups": [
      "AI算力",
      "IC设计",
      "低空经济/航空",
      "光通信与光学",
      "其他",
      "化工/材料",
      "半导体材料",
      "半导体设备",
      "半导体零部件",
      "地产/基建",
      "封测与基板",
      "工业设备/通用机械",
      "待分类",
      "新能源/电力设备",
      "机器人/自动化",
      "汽车零部件",
      "消费/医药/传媒",
      "消费电子/元器件",
      "生物医药",
      "电力运营",
      "软件与IT服务",
      "通信/6G",
      "金融/综合"
    ],
    "dates": [
      "20260427",
      "20260428",
      "20260429",
      "20260430",
      "20260506",
      "20260507",
      "20260508",
      "20260511",
      "20260512",
      "20260513",
      "20260514",
      "20260515",
      "20260518",
      "20260519",
      "20260520",
      "20260521",
      "20260522",
      "20260525",
      "20260526",
      "20260527"
    ],
    "window_days": 60,
    "matrix": [
      [
        1.0,
        0.714,
        0.65,
        0.591,
        0.684,
        0.736,
        0.603,
        0.557,
        0.592,
        0.492,
        0.145,
        0.73,
        0.68,
        0.797,
        0.592,
        0.741,
        0.616,
        0.695,
        0.344,
        0.313,
        0.811,
        0.699,
        0.518
      ],
      [
        0.714,
        1.0,
        0.616,
        0.66,
        0.576,
        0.722,
        0.741,
        0.756,
        0.713,
        0.43,
        0.36,
        0.794,
        0.712,
        0.715,
        0.682,
        0.783,
        0.545,
        0.756,
        0.249,
        0.265,
        0.763,
        0.679,
        0.319
      ],
      [
        0.65,
        0.616,
        1.0,
        0.563,
        0.639,
        0.617,
        0.478,
        0.424,
        0.44,
        0.495,
        0.202,
        0.678,
        0.626,
        0.718,
        0.601,
        0.783,
        0.702,
        0.643,
        0.296,
        0.202,
        0.756,
        0.651,
        0.223
      ],
      [
        0.591,
        0.66,
        0.563,
        1.0,
        0.601,
        0.653,
        0.668,
        0.701,
        0.701,
        0.4,
        0.404,
        0.842,
        0.658,
        0.606,
        0.622,
        0.783,
        0.508,
        0.809,
        0.19,
        0.19,
        0.69,
        0.725,
        0.096
      ],
      [
        0.684,
        0.576,
        0.639,
        0.601,
        1.0,
        0.72,
        0.506,
        0.46,
        0.432,
        0.464,
        0.132,
        0.655,
        0.659,
        0.72,
        0.637,
        0.678,
        0.579,
        0.649,
        0.342,
        0.439,
        0.721,
        0.637,
        0.344
      ],
      [
        0.736,
        0.722,
        0.617,
        0.653,
        0.72,
        1.0,
        0.697,
        0.626,
        0.684,
        0.475,
        0.387,
        0.787,
        0.774,
        0.85,
        0.61,
        0.817,
        0.662,
        0.788,
        0.216,
        0.362,
        0.802,
        0.611,
        0.49
      ],
      [
        0.603,
        0.741,
        0.478,
        0.668,
        0.506,
        0.697,
        1.0,
        0.828,
        0.819,
        0.432,
        0.453,
        0.748,
        0.581,
        0.62,
        0.623,
        0.66,
        0.496,
        0.724,
        0.189,
        0.374,
        0.649,
        0.693,
        0.386
      ],
      [
        0.557,
        0.756,
        0.424,
        0.701,
        0.46,
        0.626,
        0.828,
        1.0,
        0.919,
        0.354,
        0.493,
        0.785,
        0.691,
        0.561,
        0.708,
        0.695,
        0.448,
        0.77,
        0.292,
        0.206,
        0.638,
        0.627,
        0.133
      ],
      [
        0.592,
        0.713,
        0.44,
        0.701,
        0.432,
        0.684,
        0.819,
        0.919,
        1.0,
        0.366,
        0.44,
        0.832,
        0.664,
        0.578,
        0.719,
        0.695,
        0.47,
        0.737,
        0.218,
        0.196,
        0.695,
        0.619,
        0.101
      ],
      [
        0.492,
        0.43,
        0.495,
        0.4,
        0.464,
        0.475,
        0.432,
        0.354,
        0.366,
        1.0,
        0.149,
        0.558,
        0.505,
        0.508,
        0.528,
        0.561,
        0.532,
        0.374,
        0.18,
        0.188,
        0.599,
        0.395,
        0.285
      ],
      [
        0.145,
        0.36,
        0.202,
        0.404,
        0.132,
        0.387,
        0.453,
        0.493,
        0.44,
        0.149,
        1.0,
        0.392,
        0.355,
        0.19,
        0.345,
        0.338,
        0.126,
        0.468,
        0.016,
        0.187,
        0.24,
        0.166,
        -0.03
      ],
      [
        0.73,
        0.794,
        0.678,
        0.842,
        0.655,
        0.787,
        0.748,
        0.785,
        0.832,
        0.558,
        0.392,
        1.0,
        0.792,
        0.74,
        0.765,
        0.874,
        0.689,
        0.879,
        0.242,
        0.259,
        0.851,
        0.729,
        0.193
      ],
      [
        0.68,
        0.712,
        0.626,
        0.658,
        0.659,
        0.774,
        0.581,
        0.691,
        0.664,
        0.505,
        0.355,
        0.792,
        1.0,
        0.727,
        0.759,
        0.784,
        0.723,
        0.871,
        0.518,
        0.382,
        0.788,
        0.551,
        0.263
      ],
      [
        0.797,
        0.715,
        0.718,
        0.606,
        0.72,
        0.85,
        0.62,
        0.561,
        0.578,
        0.508,
        0.19,
        0.74,
        0.727,
        1.0,
        0.547,
        0.807,
        0.695,
        0.758,
        0.299,
        0.375,
        0.798,
        0.729,
        0.481
      ],
      [
        0.592,
        0.682,
        0.601,
        0.622,
        0.637,
        0.61,
        0.623,
        0.708,
        0.719,
        0.528,
        0.345,
        0.765,
        0.759,
        0.547,
        1.0,
        0.715,
        0.656,
        0.71,
        0.366,
        0.245,
        0.777,
        0.525,
        0.051
      ],
      [
        0.741,
        0.783,
        0.783,
        0.783,
        0.678,
        0.817,
        0.66,
        0.695,
        0.695,
        0.561,
        0.338,
        0.874,
        0.784,
        0.807,
        0.715,
        1.0,
        0.711,
        0.811,
        0.321,
        0.197,
        0.834,
        0.742,
        0.299
      ],
      [
        0.616,
        0.545,
        0.702,
        0.508,
        0.579,
        0.662,
        0.496,
        0.448,
        0.47,
        0.532,
        0.126,
        0.689,
        0.723,
        0.695,
        0.656,
        0.711,
        1.0,
        0.653,
        0.337,
        0.383,
        0.762,
        0.543,
        0.214
      ],
      [
        0.695,
        0.756,
        0.643,
        0.809,
        0.649,
        0.788,
        0.724,
        0.77,
        0.737,
        0.374,
        0.468,
        0.879,
        0.871,
        0.758,
        0.71,
        0.811,
        0.653,
        1.0,
        0.26,
        0.411,
        0.784,
        0.665,
        0.236
      ],
      [
        0.344,
        0.249,
        0.296,
        0.19,
        0.342,
        0.216,
        0.189,
        0.292,
        0.218,
        0.18,
        0.016,
        0.242,
        0.518,
        0.299,
        0.366,
        0.321,
        0.337,
        0.26,
        1.0,
        0.021,
        0.258,
        0.209,
        0.146
      ],
      [
        0.313,
        0.265,
        0.202,
        0.19,
        0.439,
        0.362,
        0.374,
        0.206,
        0.196,
        0.188,
        0.187,
        0.259,
        0.382,
        0.375,
        0.245,
        0.197,
        0.383,
        0.411,
        0.021,
        1.0,
        0.357,
        0.28,
        0.303
      ],
      [
        0.811,
        0.763,
        0.756,
        0.69,
        0.721,
        0.802,
        0.649,
        0.638,
        0.695,
        0.599,
        0.24,
        0.851,
        0.788,
        0.798,
        0.777,
        0.834,
        0.762,
        0.784,
        0.258,
        0.357,
        1.0,
        0.736,
        0.327
      ],
      [
        0.699,
        0.679,
        0.651,
        0.725,
        0.637,
        0.611,
        0.693,
        0.627,
        0.619,
        0.395,
        0.166,
        0.729,
        0.551,
        0.729,
        0.525,
        0.742,
        0.543,
        0.665,
        0.209,
        0.28,
        0.736,
        1.0,
        0.348
      ],
      [
        0.518,
        0.319,
        0.223,
        0.096,
        0.344,
        0.49,
        0.386,
        0.133,
        0.101,
        0.285,
        -0.03,
        0.193,
        0.263,
        0.481,
        0.051,
        0.299,
        0.214,
        0.236,
        0.146,
        0.303,
        0.327,
        0.348,
        1.0
      ]
    ],
    "top_pairs": [
      {
        "pair": "半导体设备 ↔ 半导体零部件",
        "correlation": 0.919
      },
      {
        "pair": "工业设备/通用机械 ↔ 消费电子/元器件",
        "correlation": 0.879
      },
      {
        "pair": "工业设备/通用机械 ↔ 汽车零部件",
        "correlation": 0.874
      },
      {
        "pair": "待分类 ↔ 消费电子/元器件",
        "correlation": 0.871
      },
      {
        "pair": "工业设备/通用机械 ↔ 软件与IT服务",
        "correlation": 0.851
      },
      {
        "pair": "化工/材料 ↔ 新能源/电力设备",
        "correlation": 0.85
      },
      {
        "pair": "光通信与光学 ↔ 工业设备/通用机械",
        "correlation": 0.842
      },
      {
        "pair": "汽车零部件 ↔ 软件与IT服务",
        "correlation": 0.834
      },
      {
        "pair": "半导体零部件 ↔ 工业设备/通用机械",
        "correlation": 0.832
      },
      {
        "pair": "半导体材料 ↔ 半导体设备",
        "correlation": 0.828
      }
    ]
  },
  "stock_chain_corr": [
    {
      "code": "000009.SZ",
      "name": "中国宝安",
      "group": "待分类",
      "corr_chain1": 0.165,
      "corr_chain2": 0,
      "beta_chain1": 0,
      "beta_chain2": 0
    },
    {
      "code": "000026.SZ",
      "name": "飞亚达",
      "group": "消费/医药/传媒",
      "corr_chain1": 0.226,
      "corr_chain2": 0,
      "beta_chain1": 0,
      "beta_chain2": 0
    },
    {
      "code": "000062.SZ",
      "name": "深圳华强",
      "group": "消费电子/元器件",
      "corr_chain1": 0.719,
      "corr_chain2": 0,
      "beta_chain1": 0,
      "beta_chain2": 0
    },
    {
      "code": "000066.SZ",
      "name": "中国长城",
      "group": "AI算力",
      "corr_chain1": 0.402,
      "corr_chain2": 0,
      "beta_chain1": 0,
      "beta_chain2": 0
    },
    {
      "code": "000338.SZ",
      "name": "潍柴动力",
      "group": "汽车零部件",
      "corr_chain1": 0.434,
      "corr_chain2": 0,
      "beta_chain1": 0,
      "beta_chain2": 0
    },
    {
      "code": "000513.SZ",
      "name": "丽珠集团",
      "group": "生物医药",
      "corr_chain1": 0.305,
      "corr_chain2": 0,
      "beta_chain1": 0,
      "beta_chain2": 0
    },
    {
      "code": "000518.SZ",
      "name": "四环生物",
      "group": "待分类",
      "corr_chain1": 0.128,
      "corr_chain2": 0,
      "beta_chain1": 0,
      "beta_chain2": 0
    },
    {
      "code": "000539.SZ",
      "name": "粤电力Ａ",
      "group": "电力运营",
      "corr_chain1": 0.056,
      "corr_chain2": 0,
      "beta_chain1": 0,
      "beta_chain2": 0
    },
    {
      "code": "000566.SZ",
      "name": "海南海药",
      "group": "生物医药",
      "corr_chain1": 0.312,
      "corr_chain2": 0,
      "beta_chain1": 0,
      "beta_chain2": 0
    },
    {
      "code": "000597.SZ",
      "name": "东北制药",
      "group": "生物医药",
      "corr_chain1": 0.394,
      "corr_chain2": 0,
      "beta_chain1": 0,
      "beta_chain2": 0
    },
    {
      "code": "000601.SZ",
      "name": "韶能股份",
      "group": "电力运营",
      "corr_chain1": 0.065,
      "corr_chain2": 0,
      "beta_chain1": 0,
      "beta_chain2": 0
    },
    {
      "code": "000625.SZ",
      "name": "长安汽车",
      "group": "待分类",
      "corr_chain1": 0.239,
      "corr_chain2": 0,
      "beta_chain1": 0,
      "beta_chain2": 0
    },
    {
      "code": "000636.SZ",
      "name": "风华高科",
      "group": "消费电子/元器件",
      "corr_chain1": 0.411,
      "corr_chain2": 0,
      "beta_chain1": 0,
      "beta_chain2": 0
    },
    {
      "code": "000661.SZ",
      "name": "长春高新",
      "group": "生物医药",
      "corr_chain1": 0.487,
      "corr_chain2": 0,
      "beta_chain1": 0,
      "beta_chain2": 0
    },
    {
      "code": "000697.SZ",
      "name": "炼石航空",
      "group": "低空经济/航空",
      "corr_chain1": 0.252,
      "corr_chain2": 0,
      "beta_chain1": 0,
      "beta_chain2": 0
    },
    {
      "code": "000703.SZ",
      "name": "恒逸石化",
      "group": "化工/材料",
      "corr_chain1": 0.134,
      "corr_chain2": 0,
      "beta_chain1": 0,
      "beta_chain2": 0
    },
    {
      "code": "000767.SZ",
      "name": "晋控电力",
      "group": "电力运营",
      "corr_chain1": 0.292,
      "corr_chain2": 0,
      "beta_chain1": 0,
      "beta_chain2": 0
    },
    {
      "code": "000768.SZ",
      "name": "中航西飞",
      "group": "待分类",
      "corr_chain1": 0.168,
      "corr_chain2": 0,
      "beta_chain1": 0,
      "beta_chain2": 0
    },
    {
      "code": "000791.SZ",
      "name": "甘肃能源",
      "group": "电力运营",
      "corr_chain1": 0.338,
      "corr_chain2": 0,
      "beta_chain1": 0,
      "beta_chain2": 0
    },
    {
      "code": "000811.SZ",
      "name": "冰轮环境",
      "group": "工业设备/通用机械",
      "corr_chain1": 0.457,
      "corr_chain2": 0,
      "beta_chain1": 0,
      "beta_chain2": 0
    },
    {
      "code": "000821.SZ",
      "name": "ST京机",
      "group": "待分类",
      "corr_chain1": 0.467,
      "corr_chain2": 0,
      "beta_chain1": 0,
      "beta_chain2": 0
    },
    {
      "code": "000837.SZ",
      "name": "秦川机床",
      "group": "待分类",
      "corr_chain1": -0.022,
      "corr_chain2": 0,
      "beta_chain1": 0,
      "beta_chain2": 0
    },
    {
      "code": "000878.SZ",
      "name": "云南铜业",
      "group": "待分类",
      "corr_chain1": 0.268,
      "corr_chain2": 0,
      "beta_chain1": 0,
      "beta_chain2": 0
    },
    {
      "code": "000881.SZ",
      "name": "中广核技",
      "group": "待分类",
      "corr_chain1": 0.674,
      "corr_chain2": 0,
      "beta_chain1": 0,
      "beta_chain2": 0
    },
    {
      "code": "000889.SZ",
      "name": "中嘉博创",
      "group": "通信/6G",
      "corr_chain1": 0.434,
      "corr_chain2": 0,
      "beta_chain1": 0,
      "beta_chain2": 0
    },
    {
      "code": "000931.SZ",
      "name": "中关村",
      "group": "生物医药",
      "corr_chain1": 0.567,
      "corr_chain2": 0,
      "beta_chain1": 0,
      "beta_chain2": 0
    },
    {
      "code": "000963.SZ",
      "name": "华东医药",
      "group": "生物医药",
      "corr_chain1": -0.089,
      "corr_chain2": 0,
      "beta_chain1": 0,
      "beta_chain2": 0
    },
    {
      "code": "000967.SZ",
      "name": "盈峰环境",
      "group": "其他",
      "corr_chain1": 0.42,
      "corr_chain2": 0,
      "beta_chain1": 0,
      "beta_chain2": 0
    },
    {
      "code": "000969.SZ",
      "name": "安泰科技",
      "group": "待分类",
      "corr_chain1": 0.293,
      "corr_chain2": 0,
      "beta_chain1": 0,
      "beta_chain2": 0
    },
    {
      "code": "000980.SZ",
      "name": "众泰汽车",
      "group": "待分类",
      "corr_chain1": 0.691,
      "corr_chain2": 0,
      "beta_chain1": 0,
      "beta_chain2": 0
    },
    {
      "code": "000990.SZ",
      "name": "诚志股份",
      "group": "化工/材料",
      "corr_chain1": 0.311,
      "corr_chain2": 0,
      "beta_chain1": 0,
      "beta_chain2": 0
    },
    {
      "code": "000999.SZ",
      "name": "华润三九",
      "group": "生物医药",
      "corr_chain1": 0.015,
      "corr_chain2": 0,
      "beta_chain1": 0,
      "beta_chain2": 0
    },
    {
      "code": "001268.SZ",
      "name": "联合精密",
      "group": "工业设备/通用机械",
      "corr_chain1": 0.605,
      "corr_chain2": 0,
      "beta_chain1": 0,
      "beta_chain2": 0
    },
    {
      "code": "001270.SZ",
      "name": "铖昌科技",
      "group": "IC设计",
      "corr_chain1": -0.522,
      "corr_chain2": 0,
      "beta_chain1": 0,
      "beta_chain2": 0
    },
    {
      "code": "001309.SZ",
      "name": "德明利",
      "group": "IC设计",
      "corr_chain1": 0.558,
      "corr_chain2": 0,
      "beta_chain1": 0,
      "beta_chain2": 0
    },
    {
      "code": "001339.SZ",
      "name": "智微智能",
      "group": "AI算力",
      "corr_chain1": 0.587,
      "corr_chain2": 0,
      "beta_chain1": 0,
      "beta_chain2": 0
    },
    {
      "code": "001359.SZ",
      "name": "平安电工",
      "group": "新能源/电力设备",
      "corr_chain1": 0.528,
      "corr_chain2": 0,
      "beta_chain1": 0,
      "beta_chain2": 0
    },
    {
      "code": "001389.SZ",
      "name": "广合科技",
      "group": "消费电子/元器件",
      "corr_chain1": 0.482,
      "corr_chain2": 0,
      "beta_chain1": 0,
      "beta_chain2": 0
    },
    {
      "code": "001896.SZ",
      "name": "豫能控股",
      "group": "电力运营",
      "corr_chain1": -0.008,
      "corr_chain2": 0,
      "beta_chain1": 0,
      "beta_chain2": 0
    },
    {
      "code": "002008.SZ",
      "name": "大族激光",
      "group": "工业设备/通用机械",
      "corr_chain1": 0.511,
      "corr_chain2": 0,
      "beta_chain1": 0,
      "beta_chain2": 0
    },
    {
      "code": "002009.SZ",
      "name": "天奇股份",
      "group": "待分类",
      "corr_chain1": -0.06,
      "corr_chain2": 0,
      "beta_chain1": 0,
      "beta_chain2": 0
    },
    {
      "code": "002015.SZ",
      "name": "协鑫能科",
      "group": "电力运营",
      "corr_chain1": 0.376,
      "corr_chain2": 0,
      "beta_chain1": 0,
      "beta_chain2": 0
    },
    {
      "code": "002019.SZ",
      "name": "亿帆医药",
      "group": "生物医药",
      "corr_chain1": 0.408,
      "corr_chain2": 0,
      "beta_chain1": 0,
      "beta_chain2": 0
    },
    {
      "code": "002031.SZ",
      "name": "巨轮智能",
      "group": "机器人/自动化",
      "corr_chain1": 0.214,
      "corr_chain2": 0,
      "beta_chain1": 0,
      "beta_chain2": 0
    },
    {
      "code": "002038.SZ",
      "name": "双鹭药业",
      "group": "生物医药",
      "corr_chain1": 0.266,
      "corr_chain2": 0,
      "beta_chain1": 0,
      "beta_chain2": 0
    },
    {
      "code": "002046.SZ",
      "name": "国机精工",
      "group": "工业设备/通用机械",
      "corr_chain1": 0.46,
      "corr_chain2": 0,
      "beta_chain1": 0,
      "beta_chain2": 0
    },
    {
      "code": "002062.SZ",
      "name": "宏润建设",
      "group": "地产/基建",
      "corr_chain1": 0.316,
      "corr_chain2": 0,
      "beta_chain1": 0,
      "beta_chain2": 0
    },
    {
      "code": "002079.SZ",
      "name": "苏州固锝",
      "group": "消费电子/元器件",
      "corr_chain1": 0.492,
      "corr_chain2": 0,
      "beta_chain1": 0,
      "beta_chain2": 0
    },
    {
      "code": "002080.SZ",
      "name": "中材科技",
      "group": "化工/材料",
      "corr_chain1": 0.329,
      "corr_chain2": 0,
      "beta_chain1": 0,
      "beta_chain2": 0
    },
    {
      "code": "002093.SZ",
      "name": "国脉科技",
      "group": "待分类",
      "corr_chain1": 0.263,
      "corr_chain2": 0,
      "beta_chain1": 0,
      "beta_chain2": 0
    },
    {
      "code": "002125.SZ",
      "name": "湘潭电化",
      "group": "待分类",
      "corr_chain1": 0.165,
      "corr_chain2": 0,
      "beta_chain1": 0,
      "beta_chain2": 0
    },
    {
      "code": "002132.SZ",
      "name": "恒星科技",
      "group": "化工/材料",
      "corr_chain1": 0.05,
      "corr_chain2": 0,
      "beta_chain1": 0,
      "beta_chain2": 0
    },
    {
      "code": "002134.SZ",
      "name": "天津普林",
      "group": "消费电子/元器件",
      "corr_chain1": 0.302,
      "corr_chain2": 0,
      "beta_chain1": 0,
      "beta_chain2": 0
    },
    {
      "code": "002139.SZ",
      "name": "拓邦股份",
      "group": "待分类",
      "corr_chain1": -0.054,
      "corr_chain2": 0,
      "beta_chain1": 0,
      "beta_chain2": 0
    },
    {
      "code": "002149.SZ",
      "name": "西部材料",
      "group": "化工/材料",
      "corr_chain1": 0.17,
      "corr_chain2": 0,
      "beta_chain1": 0,
      "beta_chain2": 0
    },
    {
      "code": "002156.SZ",
      "name": "通富微电",
      "group": "封测与基板",
      "corr_chain1": 0.455,
      "corr_chain2": 0,
      "beta_chain1": 0,
      "beta_chain2": 0
    },
    {
      "code": "002158.SZ",
      "name": "汉钟精机",
      "group": "半导体零部件",
      "corr_chain1": 0.542,
      "corr_chain2": 0,
      "beta_chain1": 0,
      "beta_chain2": 0
    },
    {
      "code": "002176.SZ",
      "name": "江特电机",
      "group": "新能源/电力设备",
      "corr_chain1": 0.236,
      "corr_chain2": 0,
      "beta_chain1": 0,
      "beta_chain2": 0
    },
    {
      "code": "002192.SZ",
      "name": "融捷股份",
      "group": "化工/材料",
      "corr_chain1": 0.438,
      "corr_chain2": 0,
      "beta_chain1": 0,
      "beta_chain2": 0
    },
    {
      "code": "002203.SZ",
      "name": "海亮股份",
      "group": "化工/材料",
      "corr_chain1": 0.402,
      "corr_chain2": 0,
      "beta_chain1": 0,
      "beta_chain2": 0
    },
    {
      "code": "002213.SZ",
      "name": "大为股份",
      "group": "汽车零部件",
      "corr_chain1": 0.691,
      "corr_chain2": 0,
      "beta_chain1": 0,
      "beta_chain2": 0
    },
    {
      "code": "002222.SZ",
      "name": "福晶科技",
      "group": "光通信与光学",
      "corr_chain1": 0.539,
      "corr_chain2": 0,
      "beta_chain1": 0,
      "beta_chain2": 0
    },
    {
      "code": "002240.SZ",
      "name": "盛新锂能",
      "group": "化工/材料",
      "corr_chain1": 0.28,
      "corr_chain2": 0,
      "beta_chain1": 0,
      "beta_chain2": 0
    },
    {
      "code": "002243.SZ",
      "name": "力合科创",
      "group": "待分类",
      "corr_chain1": 0.42,
      "corr_chain2": 0,
      "beta_chain1": 0,
      "beta_chain2": 0
    },
    {
      "code": "002245.SZ",
      "name": "蔚蓝锂芯",
      "group": "新能源/电力设备",
      "corr_chain1": -0.187,
      "corr_chain2": 0,
      "beta_chain1": 0,
      "beta_chain2": 0
    },
    {
      "code": "002254.SZ",
      "name": "泰和新材",
      "group": "化工/材料",
      "corr_chain1": 0.313,
      "corr_chain2": 0,
      "beta_chain1": 0,
      "beta_chain2": 0
    },
    {
      "code": "002256.SZ",
      "name": "兆新股份",
      "group": "新能源/电力设备",
      "corr_chain1": 0.463,
      "corr_chain2": 0,
      "beta_chain1": 0,
      "beta_chain2": 0
    },
    {
      "code": "002273.SZ",
      "name": "水晶光电",
      "group": "光通信与光学",
      "corr_chain1": 0.557,
      "corr_chain2": 0,
      "beta_chain1": 0,
      "beta_chain2": 0
    },
    {
      "code": "002281.SZ",
      "name": "光迅科技",
      "group": "光通信与光学",
      "corr_chain1": 0.62,
      "corr_chain2": 0,
      "beta_chain1": 0,
      "beta_chain2": 0
    },
    {
      "code": "002297.SZ",
      "name": "博云新材",
      "group": "低空经济/航空",
      "corr_chain1": 0.255,
      "corr_chain2": 0,
      "beta_chain1": 0,
      "beta_chain2": 0
    },
    {
      "code": "002326.SZ",
      "name": "永太科技",
      "group": "待分类",
      "corr_chain1": 0.347,
      "corr_chain2": 0,
      "beta_chain1": 0,
      "beta_chain2": 0
    },
    {
      "code": "002328.SZ",
      "name": "新朋股份",
      "group": "汽车零部件",
      "corr_chain1": 0.696,
      "corr_chain2": 0,
      "beta_chain1": 0,
      "beta_chain2": 0
    },
    {
      "code": "002340.SZ",
      "name": "格林美",
      "group": "待分类",
      "corr_chain1": 0.212,
      "corr_chain2": 0,
      "beta_chain1": 0,
      "beta_chain2": 0
    },
    {
      "code": "002348.SZ",
      "name": "高乐股份",
      "group": "消费/医药/传媒",
      "corr_chain1": 0.188,
      "corr_chain2": 0,
      "beta_chain1": 0,
      "beta_chain2": 0
    },
    {
      "code": "002361.SZ",
      "name": "神剑股份",
      "group": "化工/材料",
      "corr_chain1": 0.417,
      "corr_chain2": 0,
      "beta_chain1": 0,
      "beta_chain2": 0
    },
    {
      "code": "002364.SZ",
      "name": "中恒电气",
      "group": "新能源/电力设备",
      "corr_chain1": 0.441,
      "corr_chain2": 0,
      "beta_chain1": 0,
      "beta_chain2": 0
    },
    {
      "code": "002371.SZ",
      "name": "北方华创",
      "group": "半导体设备",
      "corr_chain1": 0.625,
      "corr_chain2": 0,
      "beta_chain1": 0,
      "beta_chain2": 0
    },
    {
      "code": "002380.SZ",
      "name": "科远智慧",
      "group": "软件与IT服务",
      "corr_chain1": -0.16,
      "corr_chain2": 0,
      "beta_chain1": 0,
      "beta_chain2": 0
    },
    {
      "code": "002384.SZ",
      "name": "东山精密",
      "group": "消费电子/元器件",
      "corr_chain1": 0.61,
      "corr_chain2": 0,
      "beta_chain1": 0,
      "beta_chain2": 0
    },
    {
      "code": "002392.SZ",
      "name": "北京利尔",
      "group": "化工/材料",
      "corr_chain1": 0.337,
      "corr_chain2": 0,
      "beta_chain1": 0,
      "beta_chain2": 0
    },
    {
      "code": "002399.SZ",
      "name": "海普瑞",
      "group": "生物医药",
      "corr_chain1": 0.118,
      "corr_chain2": 0,
      "beta_chain1": 0,
      "beta_chain2": 0
    },
    {
      "code": "002407.SZ",
      "name": "多氟多",
      "group": "化工/材料",
      "corr_chain1": 0.176,
      "corr_chain2": 0,
      "beta_chain1": 0,
      "beta_chain2": 0
    },
    {
      "code": "002409.SZ",
      "name": "雅克科技",
      "group": "半导体零部件",
      "corr_chain1": 0.66,
      "corr_chain2": 0,
      "beta_chain1": 0,
      "beta_chain2": 0
    },
    {
      "code": "002418.SZ",
      "name": "康盛股份",
      "group": "消费/医药/传媒",
      "corr_chain1": 0.707,
      "corr_chain2": 0,
      "beta_chain1": 0,
      "beta_chain2": 0
    },
    {
      "code": "002422.SZ",
      "name": "科伦药业",
      "group": "生物医药",
      "corr_chain1": -0.053,
      "corr_chain2": 0,
      "beta_chain1": 0,
      "beta_chain2": 0
    },
    {
      "code": "002428.SZ",
      "name": "云南锗业",
      "group": "化工/材料",
      "corr_chain1": 0.578,
      "corr_chain2": 0,
      "beta_chain1": 0,
      "beta_chain2": 0
    },
    {
      "code": "002429.SZ",
      "name": "兆驰股份",
      "group": "消费电子/元器件",
      "corr_chain1": 0.521,
      "corr_chain2": 0,
      "beta_chain1": 0,
      "beta_chain2": 0
    },
    {
      "code": "002432.SZ",
      "name": "九安医疗",
      "group": "待分类",
      "corr_chain1": 0.092,
      "corr_chain2": 0,
      "beta_chain1": 0,
      "beta_chain2": 0
    },
    {
      "code": "002436.SZ",
      "name": "兴森科技",
      "group": "消费电子/元器件",
      "corr_chain1": 0.432,
      "corr_chain2": 0,
      "beta_chain1": 0,
      "beta_chain2": 0
    },
    {
      "code": "002437.SZ",
      "name": "誉衡药业",
      "group": "生物医药",
      "corr_chain1": 0.568,
      "corr_chain2": 0,
      "beta_chain1": 0,
      "beta_chain2": 0
    },
    {
      "code": "002455.SZ",
      "name": "百川股份",
      "group": "待分类",
      "corr_chain1": 0.067,
      "corr_chain2": 0,
      "beta_chain1": 0,
      "beta_chain2": 0
    },
    {
      "code": "002463.SZ",
      "name": "沪电股份",
      "group": "消费电子/元器件",
      "corr_chain1": 0.133,
      "corr_chain2": 0,
      "beta_chain1": 0,
      "beta_chain2": 0
    },
    {
      "code": "002466.SZ",
      "name": "天齐锂业",
      "group": "化工/材料",
      "corr_chain1": 0.47,
      "corr_chain2": 0,
      "beta_chain1": 0,
      "beta_chain2": 0
    },
    {
      "code": "002475.SZ",
      "name": "立讯精密",
      "group": "消费电子/元器件",
      "corr_chain1": 0.62,
      "corr_chain2": 0,
      "beta_chain1": 0,
      "beta_chain2": 0
    },
    {
      "code": "002484.SZ",
      "name": "江海股份",
      "group": "消费电子/元器件",
      "corr_chain1": 0.479,
      "corr_chain2": 0,
      "beta_chain1": 0,
      "beta_chain2": 0
    },
    {
      "code": "002491.SZ",
      "name": "通鼎互联",
      "group": "通信/6G",
      "corr_chain1": 0.643,
      "corr_chain2": 0,
      "beta_chain1": 0,
      "beta_chain2": 0
    },
    {
      "code": "002497.SZ",
      "name": "雅化集团",
      "group": "化工/材料",
      "corr_chain1": 0.32,
      "corr_chain2": 0,
      "beta_chain1": 0,
      "beta_chain2": 0
    },
    {
      "code": "002498.SZ",
      "name": "汉缆股份",
      "group": "新能源/电力设备",
      "corr_chain1": 0.43,
      "corr_chain2": 0,
      "beta_chain1": 0,
      "beta_chain2": 0
    },
    {
      "code": "002512.SZ",
      "name": "ST达华",
      "group": "消费电子/元器件",
      "corr_chain1": 0.468,
      "corr_chain2": 0,
      "beta_chain1": 0,
      "beta_chain2": 0
    },
    {
      "code": "002527.SZ",
      "name": "新时达",
      "group": "待分类",
      "corr_chain1": 0.494,
      "corr_chain2": 0,
      "beta_chain1": 0,
      "beta_chain2": 0
    },
    {
      "code": "002536.SZ",
      "name": "飞龙股份",
      "group": "汽车零部件",
      "corr_chain1": 0.621,
      "corr_chain2": 0,
      "beta_chain1": 0,
      "beta_chain2": 0
    },
    {
      "code": "002552.SZ",
      "name": "宝鼎科技",
      "group": "消费电子/元器件",
      "corr_chain1": 0.312,
      "corr_chain2": 0,
      "beta_chain1": 0,
      "beta_chain2": 0
    },
    {
      "code": "002559.SZ",
      "name": "亚威股份",
      "group": "待分类",
      "corr_chain1": 0.638,
      "corr_chain2": 0,
      "beta_chain1": 0,
      "beta_chain2": 0
    },
    {
      "code": "002580.SZ",
      "name": "圣阳股份",
      "group": "新能源/电力设备",
      "corr_chain1": 0.007,
      "corr_chain2": 0,
      "beta_chain1": 0,
      "beta_chain2": 0
    },
    {
      "code": "002583.SZ",
      "name": "海能达",
      "group": "待分类",
      "corr_chain1": 0.348,
      "corr_chain2": 0,
      "beta_chain1": 0,
      "beta_chain2": 0
    },
    {
      "code": "002603.SZ",
      "name": "以岭药业",
      "group": "生物医药",
      "corr_chain1": 0.172,
      "corr_chain2": 0,
      "beta_chain1": 0,
      "beta_chain2": 0
    },
    {
      "code": "002606.SZ",
      "name": "大连电瓷",
      "group": "新能源/电力设备",
      "corr_chain1": 0.343,
      "corr_chain2": 0,
      "beta_chain1": 0,
      "beta_chain2": 0
    },
    {
      "code": "002636.SZ",
      "name": "金安国纪",
      "group": "消费电子/元器件",
      "corr_chain1": 0.253,
      "corr_chain2": 0,
      "beta_chain1": 0,
      "beta_chain2": 0
    },
    {
      "code": "002645.SZ",
      "name": "华宏科技",
      "group": "工业设备/通用机械",
      "corr_chain1": 0.694,
      "corr_chain2": 0,
