{
  "generated": "2026-06-09T17:30:36.901977",
  "chain_correlation": NaN,
  "group_matrix_20d": {
    "groups": [
      "AI算力",
      "IC设计",
      "低空经济/航空",
      "光通信与光学",
      "其他",
      "化工/材料",
      "半导体材料",
      "半导体设备",
      "半导体零部件",
      "地产/基建",
      "封测与基板",
      "工业设备/通用机械",
      "待分类",
      "新能源/电力设备",
      "机器人/自动化",
      "汽车零部件",
      "消费/医药/传媒",
      "消费电子/元器件",
      "生物医药",
      "电力运营",
      "软件与IT服务",
      "通信/6G",
      "金融/综合"
    ],
    "dates": [
      "20260513",
      "20260514",
      "20260515",
      "20260518",
      "20260519",
      "20260520",
      "20260521",
      "20260522",
      "20260525",
      "20260526",
      "20260527",
      "20260528",
      "20260529",
      "20260601",
      "20260602",
      "20260603",
      "20260604",
      "20260605",
      "20260608",
      "20260609"
    ],
    "window_days": 20,
    "matrix": [
      [
        1.0,
        0.793,
        0.736,
        0.781,
        0.333,
        0.786,
        0.676,
        0.696,
        0.648,
        0.084,
        0.651,
        0.692,
        0.739,
        0.808,
        0.482,
        0.824,
        0.673,
        0.728,
        0.18,
        0.388,
        0.735,
        0.726,
        0.722
      ],
      [
        0.793,
        1.0,
        0.706,
        0.877,
        0.338,
        0.838,
        0.886,
        0.928,
        0.879,
        0.067,
        0.853,
        0.874,
        0.701,
        0.807,
        0.529,
        0.843,
        0.411,
        0.874,
        0.089,
        0.35,
        0.675,
        0.741,
        0.719
      ],
      [
        0.736,
        0.706,
        1.0,
        0.696,
        0.556,
        0.803,
        0.646,
        0.606,
        0.672,
        0.035,
        0.617,
        0.784,
        0.816,
        0.731,
        0.644,
        0.849,
        0.491,
        0.742,
        -0.056,
        0.16,
        0.73,
        0.676,
        0.688
      ],
      [
        0.781,
        0.877,
        0.696,
        1.0,
        0.277,
        0.827,
        0.775,
        0.805,
        0.826,
        0.055,
        0.741,
        0.851,
        0.663,
        0.744,
        0.52,
        0.814,
        0.394,
        0.848,
        0.014,
        0.317,
        0.608,
        0.844,
        0.696
      ],
      [
        0.333,
        0.338,
        0.556,
        0.277,
        1.0,
        0.45,
        0.401,
        0.331,
        0.305,
        0.058,
        0.192,
        0.449,
        0.599,
        0.458,
        0.395,
        0.389,
        0.243,
        0.522,
        -0.129,
        0.247,
        0.491,
        0.558,
        0.413
      ],
      [
        0.786,
        0.838,
        0.803,
        0.827,
        0.45,
        1.0,
        0.822,
        0.771,
        0.853,
        0.22,
        0.704,
        0.891,
        0.877,
        0.9,
        0.578,
        0.887,
        0.606,
        0.89,
        0.189,
        0.227,
        0.821,
        0.775,
        0.821
      ],
      [
        0.676,
        0.886,
        0.646,
        0.775,
        0.401,
        0.822,
        1.0,
        0.876,
        0.929,
        0.348,
        0.757,
        0.87,
        0.697,
        0.719,
        0.628,
        0.849,
        0.421,
        0.817,
        0.05,
        0.245,
        0.674,
        0.778,
        0.758
      ],
      [
        0.696,
        0.928,
        0.606,
        0.805,
        0.331,
        0.771,
        0.876,
        1.0,
        0.924,
        0.203,
        0.891,
        0.855,
        0.694,
        0.685,
        0.594,
        0.799,
        0.377,
        0.814,
        0.127,
        0.283,
        0.675,
        0.665,
        0.638
      ],
      [
        0.648,
        0.879,
        0.672,
        0.826,
        0.305,
        0.853,
        0.929,
        0.924,
        1.0,
        0.358,
        0.797,
        0.915,
        0.712,
        0.703,
        0.652,
        0.865,
        0.458,
        0.826,
        0.07,
        0.14,
        0.742,
        0.724,
        0.682
      ],
      [
        0.084,
        0.067,
        0.035,
        0.055,
        0.058,
        0.22,
        0.348,
        0.203,
        0.358,
        1.0,
        0.064,
        0.268,
        0.251,
        0.093,
        0.339,
        0.388,
        0.343,
        -0.005,
        0.033,
        -0.191,
        0.42,
        0.079,
        0.197
      ],
      [
        0.651,
        0.853,
        0.617,
        0.741,
        0.192,
        0.704,
        0.757,
        0.891,
        0.797,
        0.064,
        1.0,
        0.774,
        0.654,
        0.592,
        0.514,
        0.752,
        0.22,
        0.771,
        -0.014,
        0.239,
        0.593,
        0.534,
        0.639
      ],
      [
        0.692,
        0.874,
        0.784,
        0.851,
        0.449,
        0.891,
        0.87,
        0.855,
        0.915,
        0.268,
        0.774,
        1.0,
        0.813,
        0.76,
        0.626,
        0.917,
        0.493,
        0.873,
        0.029,
        0.149,
        0.808,
        0.748,
        0.751
      ],
      [
        0.739,
        0.701,
        0.816,
        0.663,
        0.599,
        0.877,
        0.697,
        0.694,
        0.712,
        0.251,
        0.654,
        0.813,
        1.0,
        0.781,
        0.624,
        0.838,
        0.699,
        0.827,
        0.268,
        0.325,
        0.806,
        0.656,
        0.815
      ],
      [
        0.808,
        0.807,
        0.731,
        0.744,
        0.458,
        0.9,
        0.719,
        0.685,
        0.703,
        0.093,
        0.592,
        0.76,
        0.781,
        1.0,
        0.332,
        0.804,
        0.581,
        0.789,
        0.313,
        0.35,
        0.719,
        0.717,
        0.773
      ],
      [
        0.482,
        0.529,
        0.644,
        0.52,
        0.395,
        0.578,
        0.628,
        0.594,
        0.652,
        0.339,
        0.514,
        0.626,
        0.624,
        0.332,
        1.0,
        0.651,
        0.408,
        0.515,
        -0.135,
        -0.007,
        0.568,
        0.491,
        0.342
      ],
      [
        0.824,
        0.843,
        0.849,
        0.814,
        0.389,
        0.887,
        0.849,
        0.799,
        0.865,
        0.388,
        0.752,
        0.917,
        0.838,
        0.804,
        0.651,
        1.0,
        0.581,
        0.78,
        0.04,
        0.134,
        0.833,
        0.723,
        0.805
      ],
      [
        0.673,
        0.411,
        0.491,
        0.394,
        0.243,
        0.606,
        0.421,
        0.377,
        0.458,
        0.343,
        0.22,
        0.493,
        0.699,
        0.581,
        0.408,
        0.581,
        1.0,
        0.482,
        0.469,
        0.305,
        0.739,
        0.418,
        0.514
      ],
      [
        0.728,
        0.874,
        0.742,
        0.848,
        0.522,
        0.89,
        0.817,
        0.814,
        0.826,
        -0.005,
        0.771,
        0.873,
        0.827,
        0.789,
        0.515,
        0.78,
        0.482,
        1.0,
        0.046,
        0.368,
        0.7,
        0.785,
        0.774
      ],
      [
        0.18,
        0.089,
        -0.056,
        0.014,
        -0.129,
        0.189,
        0.05,
        0.127,
        0.07,
        0.033,
        -0.014,
        0.029,
        0.268,
        0.313,
        -0.135,
        0.04,
        0.469,
        0.046,
        1.0,
        0.298,
        0.044,
        0.035,
        0.28
      ],
      [
        0.388,
        0.35,
        0.16,
        0.317,
        0.247,
        0.227,
        0.245,
        0.283,
        0.14,
        -0.191,
        0.239,
        0.149,
        0.325,
        0.35,
        -0.007,
        0.134,
        0.305,
        0.368,
        0.298,
        1.0,
        0.144,
        0.331,
        0.255
      ],
      [
        0.735,
        0.675,
        0.73,
        0.608,
        0.491,
        0.821,
        0.674,
        0.675,
        0.742,
        0.42,
        0.593,
        0.808,
        0.806,
        0.719,
        0.568,
        0.833,
        0.739,
        0.7,
        0.044,
        0.144,
        1.0,
        0.6,
        0.628
      ],
      [
        0.726,
        0.741,
        0.676,
        0.844,
        0.558,
        0.775,
        0.778,
        0.665,
        0.724,
        0.079,
        0.534,
        0.748,
        0.656,
        0.717,
        0.491,
        0.723,
        0.418,
        0.785,
        0.035,
        0.331,
        0.6,
        1.0,
        0.774
      ],
      [
        0.722,
        0.719,
        0.688,
        0.696,
        0.413,
        0.821,
        0.758,
        0.638,
        0.682,
        0.197,
        0.639,
        0.751,
        0.815,
        0.773,
        0.342,
        0.805,
        0.514,
        0.774,
        0.28,
        0.255,
        0.628,
        0.774,
        1.0
      ]
    ],
    "top_pairs": [
      {
        "pair": "半导体材料 ↔ 半导体零部件",
        "correlation": 0.929
      },
      {
        "pair": "IC设计 ↔ 半导体设备",
        "correlation": 0.928
      },
      {
        "pair": "半导体设备 ↔ 半导体零部件",
        "correlation": 0.924
      },
      {
        "pair": "工业设备/通用机械 ↔ 汽车零部件",
        "correlation": 0.917
      },
      {
        "pair": "半导体零部件 ↔ 工业设备/通用机械",
        "correlation": 0.915
      },
      {
        "pair": "化工/材料 ↔ 新能源/电力设备",
        "correlation": 0.9
      },
      {
        "pair": "化工/材料 ↔ 工业设备/通用机械",
        "correlation": 0.891
      },
      {
        "pair": "半导体设备 ↔ 封测与基板",
        "correlation": 0.891
      },
      {
        "pair": "化工/材料 ↔ 消费电子/元器件",
        "correlation": 0.89
      },
      {
        "pair": "化工/材料 ↔ 汽车零部件",
        "correlation": 0.887
      }
    ]
  },
  "group_matrix_60d": {
    "groups": [
      "AI算力",
      "IC设计",
      "低空经济/航空",
      "光通信与光学",
      "其他",
      "化工/材料",
      "半导体材料",
      "半导体设备",
      "半导体零部件",
      "地产/基建",
      "封测与基板",
      "工业设备/通用机械",
      "待分类",
      "新能源/电力设备",
      "机器人/自动化",
      "汽车零部件",
      "消费/医药/传媒",
      "消费电子/元器件",
      "生物医药",
      "电力运营",
      "软件与IT服务",
      "通信/6G",
      "金融/综合"
    ],
    "dates": [
      "20260513",
      "20260514",
      "20260515",
      "20260518",
      "20260519",
      "20260520",
      "20260521",
      "20260522",
      "20260525",
      "20260526",
      "20260527",
      "20260528",
      "20260529",
      "20260601",
      "20260602",
      "20260603",
      "20260604",
      "20260605",
      "20260608",
      "20260609"
    ],
    "window_days": 60,
    "matrix": [
      [
        1.0,
        0.691,
        0.641,
        0.576,
        0.506,
        0.691,
        0.518,
        0.505,
        0.505,
        0.345,
        0.196,
        0.648,
        0.631,
        0.791,
        0.467,
        0.723,
        0.598,
        0.576,
        0.393,
        0.338,
        0.749,
        0.659,
        0.542
      ],
      [
        0.691,
        1.0,
        0.638,
        0.717,
        0.416,
        0.748,
        0.738,
        0.792,
        0.74,
        0.27,
        0.441,
        0.8,
        0.702,
        0.742,
        0.595,
        0.811,
        0.489,
        0.777,
        0.265,
        0.242,
        0.69,
        0.683,
        0.376
      ],
      [
        0.641,
        0.638,
        1.0,
        0.604,
        0.588,
        0.667,
        0.484,
        0.431,
        0.451,
        0.372,
        0.289,
        0.736,
        0.734,
        0.717,
        0.612,
        0.805,
        0.649,
        0.638,
        0.241,
        0.162,
        0.76,
        0.594,
        0.265
      ],
      [
        0.576,
        0.717,
        0.604,
        1.0,
        0.415,
        0.73,
        0.672,
        0.739,
        0.723,
        0.237,
        0.51,
        0.832,
        0.668,
        0.667,
        0.585,
        0.783,
        0.456,
        0.839,
        0.111,
        0.302,
        0.616,
        0.769,
        0.19
      ],
      [
        0.506,
        0.416,
        0.588,
        0.415,
        1.0,
        0.552,
        0.353,
        0.334,
        0.295,
        0.363,
        0.058,
        0.562,
        0.607,
        0.57,
        0.519,
        0.562,
        0.451,
        0.528,
        0.139,
        0.223,
        0.64,
        0.563,
        0.268
      ],
      [
        0.691,
        0.748,
        0.667,
        0.73,
        0.552,
        1.0,
        0.718,
        0.663,
        0.753,
        0.378,
        0.44,
        0.816,
        0.837,
        0.884,
        0.572,
        0.862,
        0.612,
        0.827,
        0.277,
        0.266,
        0.768,
        0.645,
        0.54
      ],
      [
        0.518,
        0.738,
        0.484,
        0.672,
        0.353,
        0.718,
        1.0,
        0.829,
        0.872,
        0.329,
        0.495,
        0.744,
        0.612,
        0.607,
        0.557,
        0.712,
        0.396,
        0.772,
        0.186,
        0.27,
        0.519,
        0.701,
        0.445
      ],
      [
        0.505,
        0.792,
        0.431,
        0.739,
        0.334,
        0.663,
        0.829,
        1.0,
        0.903,
        0.203,
        0.554,
        0.78,
        0.632,
        0.59,
        0.612,
        0.686,
        0.367,
        0.805,
        0.256,
        0.232,
        0.543,
        0.641,
        0.205
      ],
      [
        0.505,
        0.74,
        0.451,
        0.723,
        0.295,
        0.753,
        0.872,
        0.903,
        1.0,
        0.269,
        0.493,
        0.821,
        0.636,
        0.602,
        0.612,
        0.723,
        0.369,
        0.8,
        0.157,
        0.137,
        0.581,
        0.636,
        0.268
      ],
      [
        0.345,
        0.27,
        0.372,
        0.237,
        0.363,
        0.378,
        0.329,
        0.203,
        0.269,
        1.0,
        0.098,
        0.404,
        0.385,
        0.375,
        0.377,
        0.499,
        0.467,
        0.171,
        0.091,
        0.023,
        0.534,
        0.28,
        0.254
      ],
      [
        0.196,
        0.441,
        0.289,
        0.51,
        0.058,
        0.44,
        0.495,
        0.554,
        0.493,
        0.098,
        1.0,
        0.457,
        0.373,
        0.273,
        0.336,
        0.438,
        0.111,
        0.525,
        0.018,
        0.163,
        0.226,
        0.241,
        0.05
      ],
      [
        0.648,
        0.8,
        0.736,
        0.832,
        0.562,
        0.816,
        0.744,
        0.78,
        0.821,
        0.404,
        0.457,
        1.0,
        0.807,
        0.752,
        0.72,
        0.894,
        0.622,
        0.866,
        0.214,
        0.177,
        0.796,
        0.723,
        0.263
      ],
      [
        0.631,
        0.702,
        0.734,
        0.668,
        0.607,
        0.837,
        0.612,
        0.632,
        0.636,
        0.385,
        0.373,
        0.807,
        1.0,
        0.78,
        0.669,
        0.857,
        0.714,
        0.829,
        0.39,
        0.32,
        0.769,
        0.651,
        0.31
      ],
      [
        0.791,
        0.742,
        0.717,
        0.667,
        0.57,
        0.884,
        0.607,
        0.59,
        0.602,
        0.375,
        0.273,
        0.752,
        0.78,
        1.0,
        0.427,
        0.823,
        0.669,
        0.738,
        0.427,
        0.373,
        0.779,
        0.684,
        0.533
      ],
      [
        0.467,
        0.595,
        0.612,
        0.585,
        0.519,
        0.572,
        0.557,
        0.612,
        0.612,
        0.377,
        0.336,
        0.72,
        0.669,
        0.427,
        1.0,
        0.706,
        0.527,
        0.593,
        0.187,
        -0.002,
        0.613,
        0.542,
        0.037
      ],
      [
        0.723,
        0.811,
        0.805,
        0.783,
        0.562,
        0.862,
        0.712,
        0.686,
        0.723,
        0.499,
        0.438,
        0.894,
        0.857,
        0.823,
        0.706,
        1.0,
        0.655,
        0.789,
        0.275,
        0.209,
        0.84,
        0.694,
        0.393
      ],
      [
        0.598,
        0.489,
        0.649,
        0.456,
        0.451,
        0.612,
        0.396,
        0.367,
        0.369,
        0.467,
        0.111,
        0.622,
        0.714,
        0.669,
        0.527,
        0.655,
        1.0,
        0.526,
        0.511,
        0.299,
        0.737,
        0.498,
        0.272
      ],
      [
        0.576,
        0.777,
        0.638,
        0.839,
        0.528,
        0.827,
        0.772,
        0.805,
        0.8,
        0.171,
        0.525,
        0.866,
        0.829,
        0.738,
        0.593,
        0.789,
        0.526,
        1.0,
        0.213,
        0.36,
        0.649,
        0.737,
        0.286
      ],
      [
        0.393,
        0.265,
        0.241,
        0.111,
        0.139,
        0.277,
        0.186,
        0.256,
        0.157,
        0.091,
        0.018,
        0.214,
        0.39,
        0.427,
        0.187,
        0.275,
        0.511,
        0.213,
        1.0,
        0.206,
        0.238,
        0.209,
        0.167
      ],
      [
        0.338,
        0.242,
        0.162,
        0.302,
        0.223,
        0.266,
        0.27,
        0.232,
        0.137,
        0.023,
        0.163,
        0.177,
        0.32,
        0.373,
        -0.002,
        0.209,
        0.299,
        0.36,
        0.206,
        1.0,
        0.241,
        0.392,
        0.281
      ],
      [
        0.749,
        0.69,
        0.76,
        0.616,
        0.64,
        0.768,
        0.519,
        0.543,
        0.581,
        0.534,
        0.226,
        0.796,
        0.769,
        0.779,
        0.613,
        0.84,
        0.737,
        0.649,
        0.238,
        0.241,
        1.0,
        0.668,
        0.366
      ],
      [
        0.659,
        0.683,
        0.594,
        0.769,
        0.563,
        0.645,
        0.701,
        0.641,
        0.636,
        0.28,
        0.241,
        0.723,
        0.651,
        0.684,
        0.542,
        0.694,
        0.498,
        0.737,
        0.209,
        0.392,
        0.668,
        1.0,
        0.375
      ],
      [
        0.542,
        0.376,
        0.265,
        0.19,
        0.268,
        0.54,
        0.445,
        0.205,
        0.268,
        0.254,
        0.05,
        0.263,
        0.31,
        0.533,
        0.037,
        0.393,
        0.272,
        0.286,
        0.167,
        0.281,
        0.366,
        0.375,
        1.0
      ]
    ],
    "top_pairs": [
      {
        "pair": "半导体设备 ↔ 半导体零部件",
        "correlation": 0.903
      },
      {
        "pair": "工业设备/通用机械 ↔ 汽车零部件",
        "correlation": 0.894
      },
      {
        "pair": "化工/材料 ↔ 新能源/电力设备",
        "correlation": 0.884
      },
      {
        "pair": "半导体材料 ↔ 半导体零部件",
        "correlation": 0.872
      },
      {
        "pair": "工业设备/通用机械 ↔ 消费电子/元器件",
        "correlation": 0.866
      },
      {
        "pair": "化工/材料 ↔ 汽车零部件",
        "correlation": 0.862
      },
      {
        "pair": "待分类 ↔ 汽车零部件",
        "correlation": 0.857
      },
      {
        "pair": "汽车零部件 ↔ 软件与IT服务",
        "correlation": 0.84
      },
      {
        "pair": "光通信与光学 ↔ 消费电子/元器件",
        "correlation": 0.839
      },
      {
        "pair": "化工/材料 ↔ 待分类",
        "correlation": 0.837
      }
    ]
  },
  "stock_chain_corr": [
    {
      "code": "000009.SZ",
      "name": "中国宝安",
      "group": "待分类",
      "corr_chain1": 0.148,
      "corr_chain2": 0,
      "beta_chain1": 0,
      "beta_chain2": 0
    },
    {
      "code": "000026.SZ",
      "name": "飞亚达",
      "group": "消费/医药/传媒",
      "corr_chain1": 0.163,
      "corr_chain2": 0,
      "beta_chain1": 0,
      "beta_chain2": 0
    },
    {
      "code": "000062.SZ",
      "name": "深圳华强",
      "group": "消费电子/元器件",
      "corr_chain1": 0.57,
      "corr_chain2": 0,
      "beta_chain1": 0,
      "beta_chain2": 0
    },
    {
      "code": "000063.SZ",
      "name": "中兴通讯",
      "group": "待分类",
      "corr_chain1": 0.775,
      "corr_chain2": 0,
      "beta_chain1": 0,
      "beta_chain2": 0
    },
    {
      "code": "000066.SZ",
      "name": "中国长城",
      "group": "AI算力",
      "corr_chain1": 0.579,
      "corr_chain2": 0,
      "beta_chain1": 0,
      "beta_chain2": 0
    },
    {
      "code": "000099.SZ",
      "name": "中信海直",
      "group": "待分类",
      "corr_chain1": -0.145,
      "corr_chain2": 0,
      "beta_chain1": 0,
      "beta_chain2": 0
    },
    {
      "code": "000338.SZ",
      "name": "潍柴动力",
      "group": "汽车零部件",
      "corr_chain1": 0.534,
      "corr_chain2": 0,
      "beta_chain1": 0,
      "beta_chain2": 0
    },
    {
      "code": "000513.SZ",
      "name": "丽珠集团",
      "group": "生物医药",
      "corr_chain1": -0.044,
      "corr_chain2": 0,
      "beta_chain1": 0,
      "beta_chain2": 0
    },
    {
      "code": "000518.SZ",
      "name": "四环生物",
      "group": "待分类",
      "corr_chain1": 0.116,
      "corr_chain2": 0,
      "beta_chain1": 0,
      "beta_chain2": 0
    },
    {
      "code": "000537.SZ",
      "name": "绿发电力",
      "group": "待分类",
      "corr_chain1": 0.235,
      "corr_chain2": 0,
      "beta_chain1": 0,
      "beta_chain2": 0
    },
    {
      "code": "000539.SZ",
      "name": "粤电力A",
      "group": "电力运营",
      "corr_chain1": -0.053,
      "corr_chain2": 0,
      "beta_chain1": 0,
      "beta_chain2": 0
    },
    {
      "code": "000555.SZ",
      "name": "神州信息",
      "group": "待分类",
      "corr_chain1": 0.349,
      "corr_chain2": 0,
      "beta_chain1": 0,
      "beta_chain2": 0
    },
    {
      "code": "000566.SZ",
      "name": "海南海药",
      "group": "生物医药",
      "corr_chain1": 0.056,
      "corr_chain2": 0,
      "beta_chain1": 0,
      "beta_chain2": 0
    },
    {
      "code": "000597.SZ",
      "name": "东北制药",
      "group": "生物医药",
      "corr_chain1": -0.33,
      "corr_chain2": 0,
      "beta_chain1": 0,
      "beta_chain2": 0
    },
    {
      "code": "000601.SZ",
      "name": "韶能股份",
      "group": "电力运营",
      "corr_chain1": -0.056,
      "corr_chain2": 0,
      "beta_chain1": 0,
      "beta_chain2": 0
    },
    {
      "code": "000625.SZ",
      "name": "长安汽车",
      "group": "待分类",
      "corr_chain1": -0.235,
      "corr_chain2": 0,
      "beta_chain1": 0,
      "beta_chain2": 0
    },
    {
      "code": "000636.SZ",
      "name": "风华高科",
      "group": "消费电子/元器件",
      "corr_chain1": 0.536,
      "corr_chain2": 0,
      "beta_chain1": 0,
      "beta_chain2": 0
    },
    {
      "code": "000661.SZ",
      "name": "长春高新",
      "group": "生物医药",
      "corr_chain1": -0.125,
      "corr_chain2": 0,
      "beta_chain1": 0,
      "beta_chain2": 0
    },
    {
      "code": "000697.SZ",
      "name": "炼石航空",
      "group": "低空经济/航空",
      "corr_chain1": 0.369,
      "corr_chain2": 0,
      "beta_chain1": 0,
      "beta_chain2": 0
    },
    {
      "code": "000703.SZ",
      "name": "恒逸石化",
      "group": "化工/材料",
      "corr_chain1": 0.076,
      "corr_chain2": 0,
      "beta_chain1": 0,
      "beta_chain2": 0
    },
    {
      "code": "000723.SZ",
      "name": "美锦能源",
      "group": "待分类",
      "corr_chain1": 0.131,
      "corr_chain2": 0,
      "beta_chain1": 0,
      "beta_chain2": 0
    },
    {
      "code": "000767.SZ",
      "name": "晋控电力",
      "group": "电力运营",
      "corr_chain1": -0.126,
      "corr_chain2": 0,
      "beta_chain1": 0,
      "beta_chain2": 0
    },
    {
      "code": "000768.SZ",
      "name": "中航西飞",
      "group": "待分类",
      "corr_chain1": -0.078,
      "corr_chain2": 0,
      "beta_chain1": 0,
      "beta_chain2": 0
    },
    {
      "code": "000791.SZ",
      "name": "甘肃能源",
      "group": "电力运营",
      "corr_chain1": 0.198,
      "corr_chain2": 0,
      "beta_chain1": 0,
      "beta_chain2": 0
    },
    {
      "code": "000811.SZ",
      "name": "冰轮环境",
      "group": "工业设备/通用机械",
      "corr_chain1": 0.699,
      "corr_chain2": 0,
      "beta_chain1": 0,
      "beta_chain2": 0
    },
    {
      "code": "000837.SZ",
      "name": "秦川机床",
      "group": "待分类",
      "corr_chain1": 0.043,
      "corr_chain2": 0,
      "beta_chain1": 0,
      "beta_chain2": 0
    },
    {
      "code": "000878.SZ",
      "name": "云南铜业",
      "group": "待分类",
      "corr_chain1": 0.32,
      "corr_chain2": 0,
      "beta_chain1": 0,
      "beta_chain2": 0
    },
    {
      "code": "000881.SZ",
      "name": "中广核技",
      "group": "待分类",
      "corr_chain1": 0.437,
      "corr_chain2": 0,
      "beta_chain1": 0,
      "beta_chain2": 0
    },
    {
      "code": "000889.SZ",
      "name": "中嘉博创",
      "group": "通信/6G",
      "corr_chain1": 0.536,
      "corr_chain2": 0,
      "beta_chain1": 0,
      "beta_chain2": 0
    },
    {
      "code": "000931.SZ",
      "name": "中关村",
      "group": "生物医药",
      "corr_chain1": 0.25,
      "corr_chain2": 0,
      "beta_chain1": 0,
      "beta_chain2": 0
    },
    {
      "code": "000938.SZ",
      "name": "紫光股份",
      "group": "待分类",
      "corr_chain1": 0.737,
      "corr_chain2": 0,
      "beta_chain1": 0,
      "beta_chain2": 0
    },
    {
      "code": "000963.SZ",
      "name": "华东医药",
      "group": "生物医药",
      "corr_chain1": -0.302,
      "corr_chain2": 0,
      "beta_chain1": 0,
      "beta_chain2": 0
    },
    {
      "code": "000967.SZ",
      "name": "盈峰环境",
      "group": "其他",
      "corr_chain1": 0.685,
      "corr_chain2": 0,
      "beta_chain1": 0,
      "beta_chain2": 0
    },
    {
      "code": "000969.SZ",
      "name": "安泰科技",
      "group": "待分类",
      "corr_chain1": 0.386,
      "corr_chain2": 0,
      "beta_chain1": 0,
      "beta_chain2": 0
    },
    {
      "code": "000977.SZ",
      "name": "浪潮信息",
      "group": "待分类",
      "corr_chain1": 0.787,
      "corr_chain2": 0,
      "beta_chain1": 0,
      "beta_chain2": 0
    },
    {
      "code": "000980.SZ",
      "name": "众泰汽车",
      "group": "待分类",
      "corr_chain1": 0.629,
      "corr_chain2": 0,
      "beta_chain1": 0,
      "beta_chain2": 0
    },
    {
      "code": "000990.SZ",
      "name": "诚志股份",
      "group": "化工/材料",
      "corr_chain1": 0.17,
      "corr_chain2": 0,
      "beta_chain1": 0,
      "beta_chain2": 0
    },
    {
      "code": "000999.SZ",
      "name": "华润三九",
      "group": "生物医药",
      "corr_chain1": -0.433,
      "corr_chain2": 0,
      "beta_chain1": 0,
      "beta_chain2": 0
    },
    {
      "code": "001268.SZ",
      "name": "联合精密",
      "group": "工业设备/通用机械",
      "corr_chain1": 0.471,
      "corr_chain2": 0,
      "beta_chain1": 0,
      "beta_chain2": 0
    },
    {
      "code": "001270.SZ",
      "name": "铖昌科技",
      "group": "IC设计",
      "corr_chain1": 0.215,
      "corr_chain2": 0,
      "beta_chain1": 0,
      "beta_chain2": 0
    },
    {
      "code": "001309.SZ",
      "name": "德明利",
      "group": "IC设计",
      "corr_chain1": 0.808,
      "corr_chain2": 0,
      "beta_chain1": 0,
      "beta_chain2": 0
    },
    {
      "code": "001339.SZ",
      "name": "智微智能",
      "group": "AI算力",
      "corr_chain1": 0.33,
      "corr_chain2": 0,
      "beta_chain1": 0,
      "beta_chain2": 0
    },
    {
      "code": "001359.SZ",
      "name": "平安电工",
      "group": "新能源/电力设备",
      "corr_chain1": 0.7,
      "corr_chain2": 0,
      "beta_chain1": 0,
      "beta_chain2": 0
    },
    {
      "code": "001389.SZ",
      "name": "广合科技",
      "group": "消费电子/元器件",
      "corr_chain1": 0.383,
      "corr_chain2": 0,
      "beta_chain1": 0,
      "beta_chain2": 0
    },
    {
      "code": "001896.SZ",
      "name": "豫能控股",
      "group": "电力运营",
      "corr_chain1": 0.132,
      "corr_chain2": 0,
      "beta_chain1": 0,
      "beta_chain2": 0
    },
    {
      "code": "002008.SZ",
      "name": "大族激光",
      "group": "工业设备/通用机械",
      "corr_chain1": 0.74,
      "corr_chain2": 0,
      "beta_chain1": 0,
      "beta_chain2": 0
    },
    {
      "code": "002009.SZ",
      "name": "天奇股份",
      "group": "待分类",
      "corr_chain1": -0.265,
      "corr_chain2": 0,
      "beta_chain1": 0,
      "beta_chain2": 0
    },
    {
      "code": "002015.SZ",
      "name": "协鑫能科",
      "group": "电力运营",
      "corr_chain1": 0.499,
      "corr_chain2": 0,
      "beta_chain1": 0,
      "beta_chain2": 0
    },
    {
      "code": "002019.SZ",
      "name": "亿帆医药",
      "group": "生物医药",
      "corr_chain1": -0.086,
      "corr_chain2": 0,
      "beta_chain1": 0,
      "beta_chain2": 0
    },
    {
      "code": "002025.SZ",
      "name": "航天电器",
      "group": "待分类",
      "corr_chain1": 0.795,
      "corr_chain2": 0,
      "beta_chain1": 0,
      "beta_chain2": 0
    },
    {
      "code": "002031.SZ",
      "name": "巨轮智能",
      "group": "机器人/自动化",
      "corr_chain1": 0.046,
      "corr_chain2": 0,
      "beta_chain1": 0,
      "beta_chain2": 0
    },
    {
      "code": "002038.SZ",
      "name": "双鹭药业",
      "group": "生物医药",
      "corr_chain1": 0.09,
      "corr_chain2": 0,
      "beta_chain1": 0,
      "beta_chain2": 0
    },
    {
      "code": "002046.SZ",
      "name": "国机精工",
      "group": "工业设备/通用机械",
      "corr_chain1": 0.518,
      "corr_chain2": 0,
      "beta_chain1": 0,
      "beta_chain2": 0
    },
    {
      "code": "002062.SZ",
      "name": "宏润建设",
      "group": "地产/基建",
      "corr_chain1": 0.116,
      "corr_chain2": 0,
      "beta_chain1": 0,
      "beta_chain2": 0
    },
    {
      "code": "002074.SZ",
      "name": "国轩高科",
      "group": "待分类",
      "corr_chain1": 0.623,
      "corr_chain2": 0,
      "beta_chain1": 0,
      "beta_chain2": 0
    },
    {
      "code": "002079.SZ",
      "name": "苏州固锝",
      "group": "消费电子/元器件",
      "corr_chain1": 0.639,
      "corr_chain2": 0,
      "beta_chain1": 0,
      "beta_chain2": 0
    },
    {
      "code": "002080.SZ",
      "name": "中材科技",
      "group": "化工/材料",
      "corr_chain1": 0.739,
      "corr_chain2": 0,
      "beta_chain1": 0,
      "beta_chain2": 0
    },
    {
      "code": "002093.SZ",
      "name": "国脉科技",
      "group": "待分类",
      "corr_chain1": 0.182,
      "corr_chain2": 0,
      "beta_chain1": 0,
      "beta_chain2": 0
    },
    {
      "code": "002125.SZ",
      "name": "湘潭电化",
      "group": "待分类",
      "corr_chain1": 0.408,
      "corr_chain2": 0,
      "beta_chain1": 0,
      "beta_chain2": 0
    },
    {
      "code": "002132.SZ",
      "name": "恒星科技",
      "group": "化工/材料",
      "corr_chain1": 0.437,
      "corr_chain2": 0,
      "beta_chain1": 0,
      "beta_chain2": 0
    },
    {
      "code": "002134.SZ",
      "name": "天津普林",
      "group": "消费电子/元器件",
      "corr_chain1": 0.549,
      "corr_chain2": 0,
      "beta_chain1": 0,
      "beta_chain2": 0
    },
    {
      "code": "002139.SZ",
      "name": "拓邦股份",
      "group": "待分类",
      "corr_chain1": -0.068,
      "corr_chain2": 0,
      "beta_chain1": 0,
      "beta_chain2": 0
    },
    {
      "code": "002149.SZ",
      "name": "西部材料",
      "group": "化工/材料",
      "corr_chain1": 0.236,
      "corr_chain2": 0,
      "beta_chain1": 0,
      "beta_chain2": 0
    },
    {
      "code": "002151.SZ",
      "name": "北斗星通",
      "group": "待分类",
      "corr_chain1": 0.65,
      "corr_chain2": 0,
      "beta_chain1": 0,
      "beta_chain2": 0
    },
    {
      "code": "002156.SZ",
      "name": "通富微电",
      "group": "封测与基板",
      "corr_chain1": 0.554,
      "corr_chain2": 0,
      "beta_chain1": 0,
      "beta_chain2": 0
    },
    {
      "code": "002158.SZ",
      "name": "汉钟精机",
      "group": "半导体零部件",
      "corr_chain1": 0.618,
      "corr_chain2": 0,
      "beta_chain1": 0,
      "beta_chain2": 0
    },
    {
      "code": "002176.SZ",
      "name": "江特电机",
      "group": "新能源/电力设备",
      "corr_chain1": 0.424,
      "corr_chain2": 0,
      "beta_chain1": 0,
      "beta_chain2": 0
    },
    {
      "code": "002192.SZ",
      "name": "融捷股份",
      "group": "化工/材料",
      "corr_chain1": 0.499,
      "corr_chain2": 0,
      "beta_chain1": 0,
      "beta_chain2": 0
    },
    {
      "code": "002203.SZ",
      "name": "海亮股份",
      "group": "化工/材料",
      "corr_chain1": 0.588,
      "corr_chain2": 0,
      "beta_chain1": 0,
      "beta_chain2": 0
    },
    {
      "code": "002213.SZ",
      "name": "大为股份",
      "group": "汽车零部件",
      "corr_chain1": 0.87,
      "corr_chain2": 0,
      "beta_chain1": 0,
      "beta_chain2": 0
    },
    {
      "code": "002222.SZ",
      "name": "福晶科技",
      "group": "光通信与光学",
      "corr_chain1": 0.849,
      "corr_chain2": 0,
      "beta_chain1": 0,
      "beta_chain2": 0
    },
    {
      "code": "002240.SZ",
      "name": "盛新锂能",
      "group": "化工/材料",
      "corr_chain1": 0.623,
      "corr_chain2": 0,
      "beta_chain1": 0,
      "beta_chain2": 0
    },
    {
      "code": "002243.SZ",
      "name": "力合科创",
      "group": "待分类",
      "corr_chain1": 0.1,
      "corr_chain2": 0,
      "beta_chain1": 0,
      "beta_chain2": 0
    },
    {
      "code": "002245.SZ",
      "name": "蔚蓝锂芯",
      "group": "新能源/电力设备",
      "corr_chain1": 0.236,
      "corr_chain2": 0,
      "beta_chain1": 0,
      "beta_chain2": 0
    },
    {
      "code": "002254.SZ",
      "name": "泰和新材",
      "group": "化工/材料",
      "corr_chain1": 0.429,
      "corr_chain2": 0,
      "beta_chain1": 0,
      "beta_chain2": 0
    },
    {
      "code": "002256.SZ",
      "name": "兆新股份",
      "group": "新能源/电力设备",
      "corr_chain1": 0.346,
      "corr_chain2": 0,
      "beta_chain1": 0,
      "beta_chain2": 0
    },
    {
      "code": "002268.SZ",
      "name": "电科网安",
      "group": "待分类",
      "corr_chain1": 0.385,
      "corr_chain2": 0,
      "beta_chain1": 0,
      "beta_chain2": 0
    },
    {
      "code": "002273.SZ",
      "name": "水晶光电",
      "group": "光通信与光学",
      "corr_chain1": 0.707,
      "corr_chain2": 0,
      "beta_chain1": 0,
      "beta_chain2": 0
    },
    {
      "code": "002281.SZ",
      "name": "光迅科技",
      "group": "光通信与光学",
      "corr_chain1": 0.673,
      "corr_chain2": 0,
      "beta_chain1": 0,
      "beta_chain2": 0
    },
    {
      "code": "002297.SZ",
      "name": "博云新材",
      "group": "低空经济/航空",
      "corr_chain1": 0.456,
      "corr_chain2": 0,
      "beta_chain1": 0,
      "beta_chain2": 0
    },
    {
      "code": "002318.SZ",
      "name": "久立特材",
      "group": "待分类",
      "corr_chain1": 0.336,
      "corr_chain2": 0,
      "beta_chain1": 0,
      "beta_chain2": 0
    },
    {
      "code": "002326.SZ",
      "name": "永太科技",
      "group": "待分类",
      "corr_chain1": 0.046,
      "corr_chain2": 0,
      "beta_chain1": 0,
      "beta_chain2": 0
    },
    {
      "code": "002328.SZ",
      "name": "新朋股份",
      "group": "汽车零部件",
      "corr_chain1": 0.356,
      "corr_chain2": 0,
      "beta_chain1": 0,
      "beta_chain2": 0
    },
    {
      "code": "002340.SZ",
      "name": "格林美",
      "group": "待分类",
      "corr_chain1": 0.477,
      "corr_chain2": 0,
      "beta_chain1": 0,
      "beta_chain2": 0
    },
    {
      "code": "002348.SZ",
      "name": "高乐股份",
      "group": "消费/医药/传媒",
      "corr_chain1": 0.024,
      "corr_chain2": 0,
      "beta_chain1": 0,
      "beta_chain2": 0
    },
    {
      "code": "002361.SZ",
      "name": "神剑股份",
      "group": "化工/材料",
      "corr_chain1": -0.013,
      "corr_chain2": 0,
      "beta_chain1": 0,
      "beta_chain2": 0
    },
    {
      "code": "002364.SZ",
      "name": "中恒电气",
      "group": "新能源/电力设备",
      "corr_chain1": 0.632,
      "corr_chain2": 0,
      "beta_chain1": 0,
      "beta_chain2": 0
    },
    {
      "code": "002366.SZ",
      "name": "融发核电",
      "group": "待分类",
      "corr_chain1": 0.46,
      "corr_chain2": 0,
      "beta_chain1": 0,
      "beta_chain2": 0
    },
    {
      "code": "002371.SZ",
      "name": "北方华创",
      "group": "半导体设备",
      "corr_chain1": 0.765,
      "corr_chain2": 0,
      "beta_chain1": 0,
      "beta_chain2": 0
    },
    {
      "code": "002380.SZ",
      "name": "科远智慧",
      "group": "软件与IT服务",
      "corr_chain1": 0.121,
      "corr_chain2": 0,
      "beta_chain1": 0,
      "beta_chain2": 0
    },
    {
      "code": "002384.SZ",
      "name": "东山精密",
      "group": "消费电子/元器件",
      "corr_chain1": 0.721,
      "corr_chain2": 0,
      "beta_chain1": 0,
      "beta_chain2": 0
    },
    {
      "code": "002389.SZ",
      "name": "航天彩虹",
      "group": "待分类",
      "corr_chain1": 0.262,
      "corr_chain2": 0,
      "beta_chain1": 0,
      "beta_chain2": 0
    },
    {
      "code": "002392.SZ",
      "name": "北京利尔",
      "group": "化工/材料",
      "corr_chain1": 0.281,
      "corr_chain2": 0,
      "beta_chain1": 0,
      "beta_chain2": 0
    },
    {
      "code": "002399.SZ",
      "name": "海普瑞",
      "group": "生物医药",
      "corr_chain1": -0.478,
      "corr_chain2": 0,
      "beta_chain1": 0,
      "beta_chain2": 0
    },
    {
      "code": "002407.SZ",
      "name": "多氟多",
      "group": "化工/材料",
      "corr_chain1": 0.086,
      "corr_chain2": 0,
      "beta_chain1": 0,
      "beta_chain2": 0
    },
    {
      "code": "002409.SZ",
      "name": "雅克科技",
      "group": "半导体零部件",
      "corr_chain1": 0.836,
      "corr_chain2": 0,
      "beta_chain1": 0,
      "beta_chain2": 0
    },
    {
      "code": "002418.SZ",
      "name": "康盛股份",
      "group": "消费/医药/传媒",
      "corr_chain1": 0.648,
      "corr_chain2": 0,
      "beta_chain1": 0,
      "beta_chain2": 0
    },
    {
      "code": "002422.SZ",
      "name": "科伦药业",
      "group": "生物医药",
      "corr_chain1": -0.085,
      "corr_chain2": 0,
      "beta_chain1": 0,
      "beta_chain2": 0
    },
    {
      "code": "002428.SZ",
      "name": "云南锗业",
      "group": "化工/材料",
      "corr_chain1": 0.753,
      "corr_chain2": 0,
      "beta_chain1": 0,
      "beta_chain2": 0
    },
    {
      "code": "002429.SZ",
      "name": "兆驰股份",
      "group": "消费电子/元器件",
      "corr_chain1": 0.788,
      "corr_chain2": 0,
      "beta_chain1": 0,
      "beta_chain2": 0
    },
    {
      "code": "002432.SZ",
      "name": "九安医疗",
      "group": "待分类",
      "corr_chain1": 0.027,
      "corr_chain2": 0,
      "beta_chain1": 0,
      "beta_chain2": 0
    },
    {
      "code": "002436.SZ",
      "name": "兴森科技",
      "group": "消费电子/元器件",
      "corr_chain1": 0.303,
      "corr_chain2": 0,
      "beta_chain1": 0,
      "beta_chain2": 0
    },
    {
      "code": "002437.SZ",
      "name": "誉衡药业",
      "group": "生物医药",
      "corr_chain1": 0.278,
      "corr_chain2": 0,
      "beta_chain1": 0,
      "beta_chain2": 0
    },
    {
      "code": "002446.SZ",
      "name": "盛路通信",
      "group": "待分类",
      "corr_chain1": 0.575,
      "corr_chain2": 0,
      "beta_chain1": 0,
      "beta_chain2": 0
    },
    {
      "code": "002455.SZ",
      "name": "百川股份",
      "group": "待分类",
      "corr_chain1": 0.224,
      "corr_chain2": 0,
      "beta_chain1": 0,
      "beta_chain2": 0
    },
    {
      "code": "002460.SZ",
      "name": "赣锋锂业",
      "group": "待分类",
      "corr_chain1": 0.637,
      "corr_chain2": 0,
      "beta_chain1": 0,
      "beta_chain2": 0
    },
    {
      "code": "002463.SZ",
      "name": "沪电股份",
      "group": "消费电子/元器件",
      "corr_chain1": 0.471,
      "corr_chain2": 0,
      "beta_chain1": 0,
      "beta_chain2": 0
    },
    {
      "code": "002465.SZ",
      "name": "海格通信",
      "group": "待分类",
      "corr_chain1": 0.254,
      "corr_chain2": 0,
      "beta_chain1": 0,
      "beta_chain2": 0
    },
    {
      "code": "002466.SZ",
      "name": "天齐锂业",
      "group": "化工/材料",
      "corr_chain1": 0.724,
      "corr_chain2": 0,
      "beta_chain1": 0,
      "beta_chain2": 0
