{
  "generated": "2026-06-16T17:30:20.316404",
  "chain_correlation": NaN,
  "group_matrix_20d": {
    "groups": [
      "AI算力",
      "IC设计",
      "低空经济/航空",
      "光通信与光学",
      "其他",
      "化工/材料",
      "半导体材料",
      "半导体设备",
      "半导体零部件",
      "地产/基建",
      "封测与基板",
      "工业设备/通用机械",
      "待分类",
      "新能源/电力设备",
      "机器人/自动化",
      "汽车零部件",
      "消费/医药/传媒",
      "消费电子/元器件",
      "生物医药",
      "电力运营",
      "软件与IT服务",
      "通信/6G",
      "金融/综合"
    ],
    "dates": [
      "20260520",
      "20260521",
      "20260522",
      "20260525",
      "20260526",
      "20260527",
      "20260528",
      "20260529",
      "20260601",
      "20260602",
      "20260603",
      "20260604",
      "20260605",
      "20260608",
      "20260609",
      "20260610",
      "20260611",
      "20260612",
      "20260615",
      "20260616"
    ],
    "window_days": 20,
    "matrix": [
      [
        1.0,
        0.85,
        0.723,
        0.87,
        0.357,
        0.827,
        0.675,
        0.806,
        0.741,
        0.289,
        0.739,
        0.81,
        0.749,
        0.772,
        0.547,
        0.863,
        0.647,
        0.773,
        0.101,
        0.348,
        0.752,
        0.746,
        0.827
      ],
      [
        0.85,
        1.0,
        0.71,
        0.902,
        0.449,
        0.856,
        0.811,
        0.955,
        0.866,
        0.137,
        0.866,
        0.888,
        0.72,
        0.821,
        0.566,
        0.834,
        0.44,
        0.889,
        -0.033,
        0.369,
        0.691,
        0.782,
        0.789
      ],
      [
        0.723,
        0.71,
        1.0,
        0.694,
        0.449,
        0.788,
        0.542,
        0.677,
        0.724,
        0.301,
        0.604,
        0.776,
        0.863,
        0.667,
        0.693,
        0.883,
        0.593,
        0.677,
        0.061,
        0.059,
        0.718,
        0.601,
        0.77
      ],
      [
        0.87,
        0.902,
        0.694,
        1.0,
        0.463,
        0.844,
        0.738,
        0.866,
        0.81,
        0.129,
        0.75,
        0.871,
        0.716,
        0.81,
        0.612,
        0.794,
        0.561,
        0.89,
        -0.126,
        0.416,
        0.676,
        0.848,
        0.683
      ],
      [
        0.357,
        0.449,
        0.449,
        0.463,
        1.0,
        0.423,
        0.342,
        0.382,
        0.309,
        0.242,
        0.288,
        0.685,
        0.59,
        0.52,
        0.583,
        0.505,
        0.317,
        0.637,
        -0.413,
        0.241,
        0.671,
        0.661,
        0.403
      ],
      [
        0.827,
        0.856,
        0.788,
        0.844,
        0.423,
        1.0,
        0.754,
        0.829,
        0.881,
        0.408,
        0.689,
        0.894,
        0.845,
        0.86,
        0.569,
        0.861,
        0.722,
        0.846,
        0.149,
        0.181,
        0.842,
        0.748,
        0.87
      ],
      [
        0.675,
        0.811,
        0.542,
        0.738,
        0.342,
        0.754,
        1.0,
        0.841,
        0.893,
        0.275,
        0.695,
        0.72,
        0.459,
        0.578,
        0.408,
        0.663,
        0.362,
        0.697,
        -0.21,
        0.169,
        0.528,
        0.695,
        0.685
      ],
      [
        0.806,
        0.955,
        0.677,
        0.866,
        0.382,
        0.829,
        0.841,
        1.0,
        0.929,
        0.147,
        0.882,
        0.831,
        0.65,
        0.718,
        0.519,
        0.777,
        0.406,
        0.837,
        -0.069,
        0.256,
        0.669,
        0.738,
        0.733
      ],
      [
        0.741,
        0.866,
        0.724,
        0.81,
        0.309,
        0.881,
        0.893,
        0.929,
        1.0,
        0.322,
        0.755,
        0.782,
        0.651,
        0.674,
        0.51,
        0.784,
        0.499,
        0.773,
        0.004,
        0.099,
        0.65,
        0.716,
        0.77
      ],
      [
        0.289,
        0.137,
        0.301,
        0.129,
        0.242,
        0.408,
        0.275,
        0.147,
        0.322,
        1.0,
        0.039,
        0.289,
        0.386,
        0.315,
        0.282,
        0.446,
        0.447,
        0.141,
        0.095,
        -0.211,
        0.537,
        0.298,
        0.508
      ],
      [
        0.739,
        0.866,
        0.604,
        0.75,
        0.288,
        0.689,
        0.695,
        0.882,
        0.755,
        0.039,
        1.0,
        0.754,
        0.617,
        0.593,
        0.558,
        0.748,
        0.252,
        0.782,
        -0.176,
        0.282,
        0.621,
        0.596,
        0.672
      ],
      [
        0.81,
        0.888,
        0.776,
        0.871,
        0.685,
        0.894,
        0.72,
        0.831,
        0.782,
        0.289,
        0.754,
        1.0,
        0.868,
        0.878,
        0.705,
        0.88,
        0.629,
        0.94,
        -0.108,
        0.271,
        0.884,
        0.863,
        0.832
      ],
      [
        0.749,
        0.72,
        0.863,
        0.716,
        0.59,
        0.845,
        0.459,
        0.65,
        0.651,
        0.386,
        0.617,
        0.868,
        1.0,
        0.819,
        0.713,
        0.888,
        0.772,
        0.831,
        0.153,
        0.294,
        0.89,
        0.701,
        0.857
      ],
      [
        0.772,
        0.821,
        0.667,
        0.81,
        0.52,
        0.86,
        0.578,
        0.718,
        0.674,
        0.315,
        0.593,
        0.878,
        0.819,
        1.0,
        0.469,
        0.825,
        0.705,
        0.827,
        0.12,
        0.35,
        0.8,
        0.753,
        0.776
      ],
      [
        0.547,
        0.566,
        0.693,
        0.612,
        0.583,
        0.569,
        0.408,
        0.519,
        0.51,
        0.282,
        0.558,
        0.705,
        0.713,
        0.469,
        1.0,
        0.727,
        0.332,
        0.655,
        -0.181,
        0.051,
        0.615,
        0.714,
        0.599
      ],
      [
        0.863,
        0.834,
        0.883,
        0.794,
        0.505,
        0.861,
        0.663,
        0.777,
        0.784,
        0.446,
        0.748,
        0.88,
        0.888,
        0.825,
        0.727,
        1.0,
        0.622,
        0.799,
        0.008,
        0.182,
        0.842,
        0.771,
        0.898
      ],
      [
        0.647,
        0.44,
        0.593,
        0.561,
        0.317,
        0.722,
        0.362,
        0.406,
        0.499,
        0.447,
        0.252,
        0.629,
        0.772,
        0.705,
        0.332,
        0.622,
        1.0,
        0.581,
        0.385,
        0.284,
        0.728,
        0.556,
        0.715
      ],
      [
        0.773,
        0.889,
        0.677,
        0.89,
        0.637,
        0.846,
        0.697,
        0.837,
        0.773,
        0.141,
        0.782,
        0.94,
        0.831,
        0.827,
        0.655,
        0.799,
        0.581,
        1.0,
        -0.128,
        0.433,
        0.783,
        0.824,
        0.753
      ],
      [
        0.101,
        -0.033,
        0.061,
        -0.126,
        -0.413,
        0.149,
        -0.21,
        -0.069,
        0.004,
        0.095,
        -0.176,
        -0.108,
        0.153,
        0.12,
        -0.181,
        0.008,
        0.385,
        -0.128,
        1.0,
        -0.028,
        0.019,
        -0.15,
        0.267
      ],
      [
        0.348,
        0.369,
        0.059,
        0.416,
        0.241,
        0.181,
        0.169,
        0.256,
        0.099,
        -0.211,
        0.282,
        0.271,
        0.294,
        0.35,
        0.051,
        0.182,
        0.284,
        0.433,
        -0.028,
        1.0,
        0.164,
        0.398,
        0.241
      ],
      [
        0.752,
        0.691,
        0.718,
        0.676,
        0.671,
        0.842,
        0.528,
        0.669,
        0.65,
        0.537,
        0.621,
        0.884,
        0.89,
        0.8,
        0.615,
        0.842,
        0.728,
        0.783,
        0.019,
        0.164,
        1.0,
        0.727,
        0.828
      ],
      [
        0.746,
        0.782,
        0.601,
        0.848,
        0.661,
        0.748,
        0.695,
        0.738,
        0.716,
        0.298,
        0.596,
        0.863,
        0.701,
        0.753,
        0.714,
        0.771,
        0.556,
        0.824,
        -0.15,
        0.398,
        0.727,
        1.0,
        0.728
      ],
      [
        0.827,
        0.789,
        0.77,
        0.683,
        0.403,
        0.87,
        0.685,
        0.733,
        0.77,
        0.508,
        0.672,
        0.832,
        0.857,
        0.776,
        0.599,
        0.898,
        0.715,
        0.753,
        0.267,
        0.241,
        0.828,
        0.728,
        1.0
      ]
    ],
    "top_pairs": [
      {
        "pair": "IC设计 ↔ 半导体设备",
        "correlation": 0.955
      },
      {
        "pair": "工业设备/通用机械 ↔ 消费电子/元器件",
        "correlation": 0.94
      },
      {
        "pair": "半导体设备 ↔ 半导体零部件",
        "correlation": 0.929
      },
      {
        "pair": "IC设计 ↔ 光通信与光学",
        "correlation": 0.902
      },
      {
        "pair": "汽车零部件 ↔ 金融/综合",
        "correlation": 0.898
      },
      {
        "pair": "化工/材料 ↔ 工业设备/通用机械",
        "correlation": 0.894
      },
      {
        "pair": "半导体材料 ↔ 半导体零部件",
        "correlation": 0.893
      },
      {
        "pair": "光通信与光学 ↔ 消费电子/元器件",
        "correlation": 0.89
      },
      {
        "pair": "待分类 ↔ 软件与IT服务",
        "correlation": 0.89
      },
      {
        "pair": "IC设计 ↔ 消费电子/元器件",
        "correlation": 0.889
      }
    ]
  },
  "group_matrix_60d": {
    "groups": [
      "AI算力",
      "IC设计",
      "低空经济/航空",
      "光通信与光学",
      "其他",
      "化工/材料",
      "半导体材料",
      "半导体设备",
      "半导体零部件",
      "地产/基建",
      "封测与基板",
      "工业设备/通用机械",
      "待分类",
      "新能源/电力设备",
      "机器人/自动化",
      "汽车零部件",
      "消费/医药/传媒",
      "消费电子/元器件",
      "生物医药",
      "电力运营",
      "软件与IT服务",
      "通信/6G",
      "金融/综合"
    ],
    "dates": [
      "20260520",
      "20260521",
      "20260522",
      "20260525",
      "20260526",
      "20260527",
      "20260528",
      "20260529",
      "20260601",
      "20260602",
      "20260603",
      "20260604",
      "20260605",
      "20260608",
      "20260609",
      "20260610",
      "20260611",
      "20260612",
      "20260615",
      "20260616"
    ],
    "window_days": 60,
    "matrix": [
      [
        1.0,
        0.753,
        0.581,
        0.654,
        0.536,
        0.761,
        0.559,
        0.608,
        0.57,
        0.26,
        0.28,
        0.682,
        0.658,
        0.775,
        0.509,
        0.753,
        0.628,
        0.65,
        0.308,
        0.377,
        0.746,
        0.667,
        0.561
      ],
      [
        0.753,
        1.0,
        0.62,
        0.801,
        0.456,
        0.808,
        0.793,
        0.884,
        0.806,
        0.132,
        0.531,
        0.843,
        0.698,
        0.774,
        0.602,
        0.823,
        0.482,
        0.849,
        0.226,
        0.333,
        0.673,
        0.726,
        0.402
      ],
      [
        0.581,
        0.62,
        1.0,
        0.626,
        0.573,
        0.698,
        0.454,
        0.456,
        0.468,
        0.304,
        0.334,
        0.681,
        0.725,
        0.665,
        0.609,
        0.803,
        0.648,
        0.608,
        0.134,
        0.185,
        0.704,
        0.576,
        0.302
      ],
      [
        0.654,
        0.801,
        0.626,
        1.0,
        0.502,
        0.763,
        0.667,
        0.777,
        0.717,
        0.2,
        0.522,
        0.845,
        0.683,
        0.727,
        0.558,
        0.787,
        0.487,
        0.87,
        0.032,
        0.362,
        0.642,
        0.8,
        0.181
      ],
      [
        0.536,
        0.456,
        0.573,
        0.502,
        1.0,
        0.528,
        0.334,
        0.354,
        0.27,
        0.316,
        0.142,
        0.648,
        0.617,
        0.624,
        0.567,
        0.598,
        0.482,
        0.613,
        -0.042,
        0.365,
        0.69,
        0.649,
        0.304
      ],
      [
        0.761,
        0.808,
        0.698,
        0.763,
        0.528,
        1.0,
        0.707,
        0.704,
        0.774,
        0.372,
        0.475,
        0.82,
        0.805,
        0.87,
        0.526,
        0.829,
        0.615,
        0.816,
        0.245,
        0.288,
        0.763,
        0.695,
        0.534
      ],
      [
        0.559,
        0.793,
        0.454,
        0.667,
        0.334,
        0.707,
        1.0,
        0.805,
        0.85,
        0.257,
        0.471,
        0.672,
        0.467,
        0.551,
        0.395,
        0.645,
        0.347,
        0.681,
        0.063,
        0.256,
        0.48,
        0.631,
        0.385
      ],
      [
        0.608,
        0.884,
        0.456,
        0.777,
        0.354,
        0.704,
        0.805,
        1.0,
        0.899,
        0.155,
        0.568,
        0.776,
        0.611,
        0.614,
        0.552,
        0.703,
        0.372,
        0.793,
        0.206,
        0.281,
        0.567,
        0.644,
        0.214
      ],
      [
        0.57,
        0.806,
        0.468,
        0.717,
        0.27,
        0.774,
        0.85,
        0.899,
        1.0,
        0.23,
        0.478,
        0.742,
        0.57,
        0.567,
        0.492,
        0.69,
        0.356,
        0.718,
        0.137,
        0.128,
        0.544,
        0.592,
        0.247
      ],
      [
        0.26,
        0.132,
        0.304,
        0.2,
        0.316,
        0.372,
        0.257,
        0.155,
        0.23,
        1.0,
        0.096,
        0.357,
        0.344,
        0.323,
        0.337,
        0.469,
        0.482,
        0.138,
        0.123,
        0.025,
        0.487,
        0.211,
        0.286
      ],
      [
        0.28,
        0.531,
        0.334,
        0.522,
        0.142,
        0.475,
        0.471,
        0.568,
        0.478,
        0.096,
        1.0,
        0.482,
        0.392,
        0.328,
        0.369,
        0.502,
        0.147,
        0.541,
        -0.009,
        0.216,
        0.294,
        0.29,
        0.065
      ],
      [
        0.682,
        0.843,
        0.681,
        0.845,
        0.648,
        0.82,
        0.672,
        0.776,
        0.742,
        0.357,
        0.482,
        1.0,
        0.802,
        0.788,
        0.699,
        0.875,
        0.617,
        0.886,
        0.099,
        0.259,
        0.817,
        0.774,
        0.279
      ],
      [
        0.658,
        0.698,
        0.725,
        0.683,
        0.617,
        0.805,
        0.467,
        0.611,
        0.57,
        0.344,
        0.392,
        0.802,
        1.0,
        0.785,
        0.676,
        0.84,
        0.721,
        0.822,
        0.362,
        0.38,
        0.764,
        0.679,
        0.326
      ],
      [
        0.775,
        0.774,
        0.665,
        0.727,
        0.624,
        0.87,
        0.551,
        0.614,
        0.567,
        0.323,
        0.328,
        0.788,
        0.785,
        1.0,
        0.464,
        0.802,
        0.678,
        0.782,
        0.271,
        0.449,
        0.779,
        0.753,
        0.541
      ],
      [
        0.509,
        0.602,
        0.609,
        0.558,
        0.567,
        0.526,
        0.395,
        0.552,
        0.492,
        0.337,
        0.369,
        0.699,
        0.676,
        0.464,
        1.0,
        0.747,
        0.52,
        0.597,
        0.13,
        0.123,
        0.65,
        0.566,
        0.076
      ],
      [
        0.753,
        0.823,
        0.803,
        0.787,
        0.598,
        0.829,
        0.645,
        0.703,
        0.69,
        0.469,
        0.502,
        0.875,
        0.84,
        0.802,
        0.747,
        1.0,
        0.659,
        0.783,
        0.213,
        0.273,
        0.834,
        0.751,
        0.411
      ],
      [
        0.628,
        0.482,
        0.648,
        0.487,
        0.482,
        0.615,
        0.347,
        0.372,
        0.356,
        0.482,
        0.147,
        0.617,
        0.721,
        0.678,
        0.52,
        0.659,
        1.0,
        0.548,
        0.384,
        0.408,
        0.741,
        0.539,
        0.267
      ],
      [
        0.65,
        0.849,
        0.608,
        0.87,
        0.613,
        0.816,
        0.681,
        0.793,
        0.718,
        0.138,
        0.541,
        0.886,
        0.822,
        0.782,
        0.597,
        0.783,
        0.548,
        1.0,
        0.095,
        0.436,
        0.692,
        0.79,
        0.295
      ],
      [
        0.308,
        0.226,
        0.134,
        0.032,
        -0.042,
        0.245,
        0.063,
        0.206,
        0.137,
        0.123,
        -0.009,
        0.099,
        0.362,
        0.271,
        0.13,
        0.213,
        0.384,
        0.095,
        1.0,
        0.13,
        0.133,
        0.11,
        0.23
      ],
      [
        0.377,
        0.333,
        0.185,
        0.362,
        0.365,
        0.288,
        0.256,
        0.281,
        0.128,
        0.025,
        0.216,
        0.259,
        0.38,
        0.449,
        0.123,
        0.273,
        0.408,
        0.436,
        0.13,
        1.0,
        0.317,
        0.479,
        0.278
      ],
      [
        0.746,
        0.673,
        0.704,
        0.642,
        0.69,
        0.763,
        0.48,
        0.567,
        0.544,
        0.487,
        0.294,
        0.817,
        0.764,
        0.779,
        0.65,
        0.834,
        0.741,
        0.692,
        0.133,
        0.317,
        1.0,
        0.725,
        0.397
      ],
      [
        0.667,
        0.726,
        0.576,
        0.8,
        0.649,
        0.695,
        0.631,
        0.644,
        0.592,
        0.211,
        0.29,
        0.774,
        0.679,
        0.753,
        0.566,
        0.751,
        0.539,
        0.79,
        0.11,
        0.479,
        0.725,
        1.0,
        0.404
      ],
      [
        0.561,
        0.402,
        0.302,
        0.181,
        0.304,
        0.534,
        0.385,
        0.214,
        0.247,
        0.286,
        0.065,
        0.279,
        0.326,
        0.541,
        0.076,
        0.411,
        0.267,
        0.295,
        0.23,
        0.278,
        0.397,
        0.404,
        1.0
      ]
    ],
    "top_pairs": [
      {
        "pair": "半导体设备 ↔ 半导体零部件",
        "correlation": 0.899
      },
      {
        "pair": "工业设备/通用机械 ↔ 消费电子/元器件",
        "correlation": 0.886
      },
      {
        "pair": "IC设计 ↔ 半导体设备",
        "correlation": 0.884
      },
      {
        "pair": "工业设备/通用机械 ↔ 汽车零部件",
        "correlation": 0.875
      },
      {
        "pair": "光通信与光学 ↔ 消费电子/元器件",
        "correlation": 0.87
      },
      {
        "pair": "化工/材料 ↔ 新能源/电力设备",
        "correlation": 0.87
      },
      {
        "pair": "半导体材料 ↔ 半导体零部件",
        "correlation": 0.85
      },
      {
        "pair": "IC设计 ↔ 消费电子/元器件",
        "correlation": 0.849
      },
      {
        "pair": "光通信与光学 ↔ 工业设备/通用机械",
        "correlation": 0.845
      },
      {
        "pair": "IC设计 ↔ 工业设备/通用机械",
        "correlation": 0.843
      }
    ]
  },
  "stock_chain_corr": [
    {
      "code": "000009.SZ",
      "name": "中国宝安",
      "group": "待分类",
      "corr_chain1": -0.099,
      "corr_chain2": 0,
      "beta_chain1": 0,
      "beta_chain2": 0
    },
    {
      "code": "000026.SZ",
      "name": "飞亚达",
      "group": "消费/医药/传媒",
      "corr_chain1": 0.253,
      "corr_chain2": 0,
      "beta_chain1": 0,
      "beta_chain2": 0
    },
    {
      "code": "000062.SZ",
      "name": "深圳华强",
      "group": "消费电子/元器件",
      "corr_chain1": 0.458,
      "corr_chain2": 0,
      "beta_chain1": 0,
      "beta_chain2": 0
    },
    {
      "code": "000063.SZ",
      "name": "中兴通讯",
      "group": "待分类",
      "corr_chain1": 0.681,
      "corr_chain2": 0,
      "beta_chain1": 0,
      "beta_chain2": 0
    },
    {
      "code": "000066.SZ",
      "name": "中国长城",
      "group": "AI算力",
      "corr_chain1": 0.588,
      "corr_chain2": 0,
      "beta_chain1": 0,
      "beta_chain2": 0
    },
    {
      "code": "000099.SZ",
      "name": "中信海直",
      "group": "待分类",
      "corr_chain1": -0.402,
      "corr_chain2": 0,
      "beta_chain1": 0,
      "beta_chain2": 0
    },
    {
      "code": "000338.SZ",
      "name": "潍柴动力",
      "group": "汽车零部件",
      "corr_chain1": 0.398,
      "corr_chain2": 0,
      "beta_chain1": 0,
      "beta_chain2": 0
    },
    {
      "code": "000513.SZ",
      "name": "丽珠集团",
      "group": "生物医药",
      "corr_chain1": -0.117,
      "corr_chain2": 0,
      "beta_chain1": 0,
      "beta_chain2": 0
    },
    {
      "code": "000518.SZ",
      "name": "四环生物",
      "group": "待分类",
      "corr_chain1": 0.012,
      "corr_chain2": 0,
      "beta_chain1": 0,
      "beta_chain2": 0
    },
    {
      "code": "000537.SZ",
      "name": "绿发电力",
      "group": "待分类",
      "corr_chain1": 0.168,
      "corr_chain2": 0,
      "beta_chain1": 0,
      "beta_chain2": 0
    },
    {
      "code": "000539.SZ",
      "name": "粤电力A",
      "group": "电力运营",
      "corr_chain1": -0.019,
      "corr_chain2": 0,
      "beta_chain1": 0,
      "beta_chain2": 0
    },
    {
      "code": "000555.SZ",
      "name": "神州信息",
      "group": "待分类",
      "corr_chain1": 0.097,
      "corr_chain2": 0,
      "beta_chain1": 0,
      "beta_chain2": 0
    },
    {
      "code": "000566.SZ",
      "name": "海南海药",
      "group": "生物医药",
      "corr_chain1": -0.18,
      "corr_chain2": 0,
      "beta_chain1": 0,
      "beta_chain2": 0
    },
    {
      "code": "000597.SZ",
      "name": "东北制药",
      "group": "生物医药",
      "corr_chain1": -0.198,
      "corr_chain2": 0,
      "beta_chain1": 0,
      "beta_chain2": 0
    },
    {
      "code": "000601.SZ",
      "name": "韶能股份",
      "group": "电力运营",
      "corr_chain1": 0.009,
      "corr_chain2": 0,
      "beta_chain1": 0,
      "beta_chain2": 0
    },
    {
      "code": "000625.SZ",
      "name": "长安汽车",
      "group": "待分类",
      "corr_chain1": -0.173,
      "corr_chain2": 0,
      "beta_chain1": 0,
      "beta_chain2": 0
    },
    {
      "code": "000636.SZ",
      "name": "风华高科",
      "group": "消费电子/元器件",
      "corr_chain1": 0.551,
      "corr_chain2": 0,
      "beta_chain1": 0,
      "beta_chain2": 0
    },
    {
      "code": "000661.SZ",
      "name": "长春高新",
      "group": "生物医药",
      "corr_chain1": -0.34,
      "corr_chain2": 0,
      "beta_chain1": 0,
      "beta_chain2": 0
    },
    {
      "code": "000697.SZ",
      "name": "炼石航空",
      "group": "低空经济/航空",
      "corr_chain1": 0.428,
      "corr_chain2": 0,
      "beta_chain1": 0,
      "beta_chain2": 0
    },
    {
      "code": "000703.SZ",
      "name": "恒逸石化",
      "group": "化工/材料",
      "corr_chain1": -0.218,
      "corr_chain2": 0,
      "beta_chain1": 0,
      "beta_chain2": 0
    },
    {
      "code": "000723.SZ",
      "name": "美锦能源",
      "group": "待分类",
      "corr_chain1": -0.288,
      "corr_chain2": 0,
      "beta_chain1": 0,
      "beta_chain2": 0
    },
    {
      "code": "000767.SZ",
      "name": "晋控电力",
      "group": "电力运营",
      "corr_chain1": -0.18,
      "corr_chain2": 0,
      "beta_chain1": 0,
      "beta_chain2": 0
    },
    {
      "code": "000768.SZ",
      "name": "中航西飞",
      "group": "待分类",
      "corr_chain1": -0.311,
      "corr_chain2": 0,
      "beta_chain1": 0,
      "beta_chain2": 0
    },
    {
      "code": "000791.SZ",
      "name": "甘肃能源",
      "group": "电力运营",
      "corr_chain1": 0.261,
      "corr_chain2": 0,
      "beta_chain1": 0,
      "beta_chain2": 0
    },
    {
      "code": "000811.SZ",
      "name": "冰轮环境",
      "group": "工业设备/通用机械",
      "corr_chain1": 0.738,
      "corr_chain2": 0,
      "beta_chain1": 0,
      "beta_chain2": 0
    },
    {
      "code": "000837.SZ",
      "name": "秦川机床",
      "group": "待分类",
      "corr_chain1": 0.189,
      "corr_chain2": 0,
      "beta_chain1": 0,
      "beta_chain2": 0
    },
    {
      "code": "000878.SZ",
      "name": "云南铜业",
      "group": "待分类",
      "corr_chain1": 0.177,
      "corr_chain2": 0,
      "beta_chain1": 0,
      "beta_chain2": 0
    },
    {
      "code": "000881.SZ",
      "name": "中广核技",
      "group": "待分类",
      "corr_chain1": 0.355,
      "corr_chain2": 0,
      "beta_chain1": 0,
      "beta_chain2": 0
    },
    {
      "code": "000889.SZ",
      "name": "中嘉博创",
      "group": "通信/6G",
      "corr_chain1": 0.441,
      "corr_chain2": 0,
      "beta_chain1": 0,
      "beta_chain2": 0
    },
    {
      "code": "000931.SZ",
      "name": "中关村",
      "group": "生物医药",
      "corr_chain1": -0.026,
      "corr_chain2": 0,
      "beta_chain1": 0,
      "beta_chain2": 0
    },
    {
      "code": "000938.SZ",
      "name": "紫光股份",
      "group": "待分类",
      "corr_chain1": 0.571,
      "corr_chain2": 0,
      "beta_chain1": 0,
      "beta_chain2": 0
    },
    {
      "code": "000963.SZ",
      "name": "华东医药",
      "group": "生物医药",
      "corr_chain1": -0.043,
      "corr_chain2": 0,
      "beta_chain1": 0,
      "beta_chain2": 0
    },
    {
      "code": "000967.SZ",
      "name": "盈峰环境",
      "group": "其他",
      "corr_chain1": 0.618,
      "corr_chain2": 0,
      "beta_chain1": 0,
      "beta_chain2": 0
    },
    {
      "code": "000969.SZ",
      "name": "安泰科技",
      "group": "待分类",
      "corr_chain1": 0.291,
      "corr_chain2": 0,
      "beta_chain1": 0,
      "beta_chain2": 0
    },
    {
      "code": "000977.SZ",
      "name": "浪潮信息",
      "group": "待分类",
      "corr_chain1": 0.611,
      "corr_chain2": 0,
      "beta_chain1": 0,
      "beta_chain2": 0
    },
    {
      "code": "000980.SZ",
      "name": "众泰汽车",
      "group": "待分类",
      "corr_chain1": 0.553,
      "corr_chain2": 0,
      "beta_chain1": 0,
      "beta_chain2": 0
    },
    {
      "code": "000990.SZ",
      "name": "诚志股份",
      "group": "化工/材料",
      "corr_chain1": -0.061,
      "corr_chain2": 0,
      "beta_chain1": 0,
      "beta_chain2": 0
    },
    {
      "code": "000999.SZ",
      "name": "华润三九",
      "group": "生物医药",
      "corr_chain1": -0.514,
      "corr_chain2": 0,
      "beta_chain1": 0,
      "beta_chain2": 0
    },
    {
      "code": "001268.SZ",
      "name": "联合精密",
      "group": "工业设备/通用机械",
      "corr_chain1": 0.492,
      "corr_chain2": 0,
      "beta_chain1": 0,
      "beta_chain2": 0
    },
    {
      "code": "001270.SZ",
      "name": "铖昌科技",
      "group": "IC设计",
      "corr_chain1": 0.44,
      "corr_chain2": 0,
      "beta_chain1": 0,
      "beta_chain2": 0
    },
    {
      "code": "001309.SZ",
      "name": "德明利",
      "group": "IC设计",
      "corr_chain1": 0.782,
      "corr_chain2": 0,
      "beta_chain1": 0,
      "beta_chain2": 0
    },
    {
      "code": "001339.SZ",
      "name": "智微智能",
      "group": "AI算力",
      "corr_chain1": 0.118,
      "corr_chain2": 0,
      "beta_chain1": 0,
      "beta_chain2": 0
    },
    {
      "code": "001359.SZ",
      "name": "平安电工",
      "group": "新能源/电力设备",
      "corr_chain1": 0.433,
      "corr_chain2": 0,
      "beta_chain1": 0,
      "beta_chain2": 0
    },
    {
      "code": "001389.SZ",
      "name": "广合科技",
      "group": "消费电子/元器件",
      "corr_chain1": 0.42,
      "corr_chain2": 0,
      "beta_chain1": 0,
      "beta_chain2": 0
    },
    {
      "code": "001896.SZ",
      "name": "豫能控股",
      "group": "电力运营",
      "corr_chain1": 0.336,
      "corr_chain2": 0,
      "beta_chain1": 0,
      "beta_chain2": 0
    },
    {
      "code": "002008.SZ",
      "name": "大族激光",
      "group": "工业设备/通用机械",
      "corr_chain1": 0.732,
      "corr_chain2": 0,
      "beta_chain1": 0,
      "beta_chain2": 0
    },
    {
      "code": "002009.SZ",
      "name": "天奇股份",
      "group": "待分类",
      "corr_chain1": -0.165,
      "corr_chain2": 0,
      "beta_chain1": 0,
      "beta_chain2": 0
    },
    {
      "code": "002015.SZ",
      "name": "协鑫能科",
      "group": "电力运营",
      "corr_chain1": 0.443,
      "corr_chain2": 0,
      "beta_chain1": 0,
      "beta_chain2": 0
    },
    {
      "code": "002019.SZ",
      "name": "亿帆医药",
      "group": "生物医药",
      "corr_chain1": -0.281,
      "corr_chain2": 0,
      "beta_chain1": 0,
      "beta_chain2": 0
    },
    {
      "code": "002025.SZ",
      "name": "航天电器",
      "group": "待分类",
      "corr_chain1": 0.82,
      "corr_chain2": 0,
      "beta_chain1": 0,
      "beta_chain2": 0
    },
    {
      "code": "002031.SZ",
      "name": "巨轮智能",
      "group": "机器人/自动化",
      "corr_chain1": 0.142,
      "corr_chain2": 0,
      "beta_chain1": 0,
      "beta_chain2": 0
    },
    {
      "code": "002038.SZ",
      "name": "双鹭药业",
      "group": "生物医药",
      "corr_chain1": -0.34,
      "corr_chain2": 0,
      "beta_chain1": 0,
      "beta_chain2": 0
    },
    {
      "code": "002046.SZ",
      "name": "国机精工",
      "group": "工业设备/通用机械",
      "corr_chain1": 0.322,
      "corr_chain2": 0,
      "beta_chain1": 0,
      "beta_chain2": 0
    },
    {
      "code": "002062.SZ",
      "name": "宏润建设",
      "group": "地产/基建",
      "corr_chain1": 0.232,
      "corr_chain2": 0,
      "beta_chain1": 0,
      "beta_chain2": 0
    },
    {
      "code": "002074.SZ",
      "name": "国轩高科",
      "group": "待分类",
      "corr_chain1": 0.388,
      "corr_chain2": 0,
      "beta_chain1": 0,
      "beta_chain2": 0
    },
    {
      "code": "002079.SZ",
      "name": "苏州固锝",
      "group": "消费电子/元器件",
      "corr_chain1": 0.629,
      "corr_chain2": 0,
      "beta_chain1": 0,
      "beta_chain2": 0
    },
    {
      "code": "002080.SZ",
      "name": "中材科技",
      "group": "化工/材料",
      "corr_chain1": 0.817,
      "corr_chain2": 0,
      "beta_chain1": 0,
      "beta_chain2": 0
    },
    {
      "code": "002093.SZ",
      "name": "国脉科技",
      "group": "待分类",
      "corr_chain1": 0.088,
      "corr_chain2": 0,
      "beta_chain1": 0,
      "beta_chain2": 0
    },
    {
      "code": "002125.SZ",
      "name": "湘潭电化",
      "group": "待分类",
      "corr_chain1": 0.483,
      "corr_chain2": 0,
      "beta_chain1": 0,
      "beta_chain2": 0
    },
    {
      "code": "002132.SZ",
      "name": "恒星科技",
      "group": "化工/材料",
      "corr_chain1": 0.338,
      "corr_chain2": 0,
      "beta_chain1": 0,
      "beta_chain2": 0
    },
    {
      "code": "002134.SZ",
      "name": "天津普林",
      "group": "消费电子/元器件",
      "corr_chain1": 0.722,
      "corr_chain2": 0,
      "beta_chain1": 0,
      "beta_chain2": 0
    },
    {
      "code": "002139.SZ",
      "name": "拓邦股份",
      "group": "待分类",
      "corr_chain1": 0.01,
      "corr_chain2": 0,
      "beta_chain1": 0,
      "beta_chain2": 0
    },
    {
      "code": "002149.SZ",
      "name": "西部材料",
      "group": "化工/材料",
      "corr_chain1": 0.337,
      "corr_chain2": 0,
      "beta_chain1": 0,
      "beta_chain2": 0
    },
    {
      "code": "002151.SZ",
      "name": "北斗星通",
      "group": "待分类",
      "corr_chain1": 0.432,
      "corr_chain2": 0,
      "beta_chain1": 0,
      "beta_chain2": 0
    },
    {
      "code": "002156.SZ",
      "name": "通富微电",
      "group": "封测与基板",
      "corr_chain1": 0.698,
      "corr_chain2": 0,
      "beta_chain1": 0,
      "beta_chain2": 0
    },
    {
      "code": "002158.SZ",
      "name": "汉钟精机",
      "group": "半导体零部件",
      "corr_chain1": 0.615,
      "corr_chain2": 0,
      "beta_chain1": 0,
      "beta_chain2": 0
    },
    {
      "code": "002176.SZ",
      "name": "江特电机",
      "group": "新能源/电力设备",
      "corr_chain1": 0.493,
      "corr_chain2": 0,
      "beta_chain1": 0,
      "beta_chain2": 0
    },
    {
      "code": "002192.SZ",
      "name": "融捷股份",
      "group": "化工/材料",
      "corr_chain1": 0.144,
      "corr_chain2": 0,
      "beta_chain1": 0,
      "beta_chain2": 0
    },
    {
      "code": "002203.SZ",
      "name": "海亮股份",
      "group": "化工/材料",
      "corr_chain1": 0.438,
      "corr_chain2": 0,
      "beta_chain1": 0,
      "beta_chain2": 0
    },
    {
      "code": "002213.SZ",
      "name": "大为股份",
      "group": "汽车零部件",
      "corr_chain1": 0.781,
      "corr_chain2": 0,
      "beta_chain1": 0,
      "beta_chain2": 0
    },
    {
      "code": "002222.SZ",
      "name": "福晶科技",
      "group": "光通信与光学",
      "corr_chain1": 0.788,
      "corr_chain2": 0,
      "beta_chain1": 0,
      "beta_chain2": 0
    },
    {
      "code": "002240.SZ",
      "name": "盛新锂能",
      "group": "化工/材料",
      "corr_chain1": 0.528,
      "corr_chain2": 0,
      "beta_chain1": 0,
      "beta_chain2": 0
    },
    {
      "code": "002243.SZ",
      "name": "力合科创",
      "group": "待分类",
      "corr_chain1": 0.038,
      "corr_chain2": 0,
      "beta_chain1": 0,
      "beta_chain2": 0
    },
    {
      "code": "002245.SZ",
      "name": "蔚蓝锂芯",
      "group": "新能源/电力设备",
      "corr_chain1": 0.506,
      "corr_chain2": 0,
      "beta_chain1": 0,
      "beta_chain2": 0
    },
    {
      "code": "002254.SZ",
      "name": "泰和新材",
      "group": "化工/材料",
      "corr_chain1": 0.229,
      "corr_chain2": 0,
      "beta_chain1": 0,
      "beta_chain2": 0
    },
    {
      "code": "002256.SZ",
      "name": "兆新股份",
      "group": "新能源/电力设备",
      "corr_chain1": 0.157,
      "corr_chain2": 0,
      "beta_chain1": 0,
      "beta_chain2": 0
    },
    {
      "code": "002268.SZ",
      "name": "电科网安",
      "group": "待分类",
      "corr_chain1": 0.013,
      "corr_chain2": 0,
      "beta_chain1": 0,
      "beta_chain2": 0
    },
    {
      "code": "002273.SZ",
      "name": "水晶光电",
      "group": "光通信与光学",
      "corr_chain1": 0.631,
      "corr_chain2": 0,
      "beta_chain1": 0,
      "beta_chain2": 0
    },
    {
      "code": "002281.SZ",
      "name": "光迅科技",
      "group": "光通信与光学",
      "corr_chain1": 0.573,
      "corr_chain2": 0,
      "beta_chain1": 0,
      "beta_chain2": 0
    },
    {
      "code": "002297.SZ",
      "name": "博云新材",
      "group": "低空经济/航空",
      "corr_chain1": 0.552,
      "corr_chain2": 0,
      "beta_chain1": 0,
      "beta_chain2": 0
    },
    {
      "code": "002318.SZ",
      "name": "久立特材",
      "group": "待分类",
      "corr_chain1": 0.073,
      "corr_chain2": 0,
      "beta_chain1": 0,
      "beta_chain2": 0
    },
    {
      "code": "002326.SZ",
      "name": "永太科技",
      "group": "待分类",
      "corr_chain1": 0.019,
      "corr_chain2": 0,
      "beta_chain1": 0,
      "beta_chain2": 0
    },
    {
      "code": "002328.SZ",
      "name": "新朋股份",
      "group": "汽车零部件",
      "corr_chain1": 0.137,
      "corr_chain2": 0,
      "beta_chain1": 0,
      "beta_chain2": 0
    },
    {
      "code": "002340.SZ",
      "name": "格林美",
      "group": "待分类",
      "corr_chain1": 0.455,
      "corr_chain2": 0,
      "beta_chain1": 0,
      "beta_chain2": 0
    },
    {
      "code": "002348.SZ",
      "name": "高乐股份",
      "group": "消费/医药/传媒",
      "corr_chain1": 0.272,
      "corr_chain2": 0,
      "beta_chain1": 0,
      "beta_chain2": 0
    },
    {
      "code": "002361.SZ",
      "name": "神剑股份",
      "group": "化工/材料",
      "corr_chain1": -0.019,
      "corr_chain2": 0,
      "beta_chain1": 0,
      "beta_chain2": 0
    },
    {
      "code": "002364.SZ",
      "name": "中恒电气",
      "group": "新能源/电力设备",
      "corr_chain1": 0.522,
      "corr_chain2": 0,
      "beta_chain1": 0,
      "beta_chain2": 0
    },
    {
      "code": "002366.SZ",
      "name": "融发核电",
      "group": "待分类",
      "corr_chain1": 0.372,
      "corr_chain2": 0,
      "beta_chain1": 0,
      "beta_chain2": 0
    },
    {
      "code": "002371.SZ",
      "name": "北方华创",
      "group": "半导体设备",
      "corr_chain1": 0.682,
      "corr_chain2": 0,
      "beta_chain1": 0,
      "beta_chain2": 0
    },
    {
      "code": "002380.SZ",
      "name": "科远智慧",
      "group": "软件与IT服务",
      "corr_chain1": 0.251,
      "corr_chain2": 0,
      "beta_chain1": 0,
      "beta_chain2": 0
    },
    {
      "code": "002384.SZ",
      "name": "东山精密",
      "group": "消费电子/元器件",
      "corr_chain1": 0.577,
      "corr_chain2": 0,
      "beta_chain1": 0,
      "beta_chain2": 0
    },
    {
      "code": "002389.SZ",
      "name": "航天彩虹",
      "group": "待分类",
      "corr_chain1": -0.086,
      "corr_chain2": 0,
      "beta_chain1": 0,
      "beta_chain2": 0
    },
    {
      "code": "002392.SZ",
      "name": "北京利尔",
      "group": "化工/材料",
      "corr_chain1": 0.402,
      "corr_chain2": 0,
      "beta_chain1": 0,
      "beta_chain2": 0
    },
    {
      "code": "002399.SZ",
      "name": "海普瑞",
      "group": "生物医药",
      "corr_chain1": -0.404,
      "corr_chain2": 0,
      "beta_chain1": 0,
      "beta_chain2": 0
    },
    {
      "code": "002407.SZ",
      "name": "多氟多",
      "group": "化工/材料",
      "corr_chain1": 0.148,
      "corr_chain2": 0,
      "beta_chain1": 0,
      "beta_chain2": 0
    },
    {
      "code": "002409.SZ",
      "name": "雅克科技",
      "group": "半导体零部件",
      "corr_chain1": 0.743,
      "corr_chain2": 0,
      "beta_chain1": 0,
      "beta_chain2": 0
    },
    {
      "code": "002418.SZ",
      "name": "康盛股份",
      "group": "消费/医药/传媒",
      "corr_chain1": 0.567,
      "corr_chain2": 0,
      "beta_chain1": 0,
      "beta_chain2": 0
    },
    {
      "code": "002422.SZ",
      "name": "科伦药业",
      "group": "生物医药",
      "corr_chain1": 0.01,
      "corr_chain2": 0,
      "beta_chain1": 0,
      "beta_chain2": 0
    },
    {
      "code": "002428.SZ",
      "name": "云南锗业",
      "group": "化工/材料",
      "corr_chain1": 0.625,
      "corr_chain2": 0,
      "beta_chain1": 0,
      "beta_chain2": 0
    },
    {
      "code": "002429.SZ",
      "name": "兆驰股份",
      "group": "消费电子/元器件",
      "corr_chain1": 0.702,
      "corr_chain2": 0,
      "beta_chain1": 0,
      "beta_chain2": 0
    },
    {
      "code": "002432.SZ",
      "name": "九安医疗",
      "group": "待分类",
      "corr_chain1": 0.206,
      "corr_chain2": 0,
      "beta_chain1": 0,
      "beta_chain2": 0
    },
    {
      "code": "002436.SZ",
      "name": "兴森科技",
      "group": "消费电子/元器件",
      "corr_chain1": 0.193,
      "corr_chain2": 0,
      "beta_chain1": 0,
      "beta_chain2": 0
    },
    {
      "code": "002437.SZ",
      "name": "誉衡药业",
      "group": "生物医药",
      "corr_chain1": -0.071,
      "corr_chain2": 0,
      "beta_chain1": 0,
      "beta_chain2": 0
    },
    {
      "code": "002446.SZ",
      "name": "盛路通信",
      "group": "待分类",
      "corr_chain1": 0.523,
      "corr_chain2": 0,
      "beta_chain1": 0,
      "beta_chain2": 0
    },
    {
      "code": "002455.SZ",
      "name": "百川股份",
      "group": "待分类",
      "corr_chain1": 0.414,
      "corr_chain2": 0,
      "beta_chain1": 0,
      "beta_chain2": 0
    },
    {
      "code": "002460.SZ",
      "name": "赣锋锂业",
      "group": "待分类",
      "corr_chain1": 0.587,
      "corr_chain2": 0,
      "beta_chain1": 0,
      "beta_chain2": 0
    },
    {
      "code": "002463.SZ",
      "name": "沪电股份",
      "group": "消费电子/元器件",
      "corr_chain1": 0.494,
      "corr_chain2": 0,
      "beta_chain1": 0,
      "beta_chain2": 0
    },
    {
      "code": "002465.SZ",
      "name": "海格通信",
      "group": "待分类",
      "corr_chain1": 0.269,
      "corr_chain2": 0,
      "beta_chain1": 0,
      "beta_chain2": 0
    },
    {
      "code": "002466.SZ",
      "name": "天齐锂业",
      "group": "化工/材料",
      "corr_chain1": 0.6,
      "corr_chain2": 0,
      "beta_chain1": 0,
